日期,最高气温,最低气温,天气,风向,风力,平均气温,温差
2019-09-01,29,17,多云,东南风,2级,23.0,12
2019-09-02,29,16,晴,西南风,1级,22.5,13
2019-09-03,30,18,晴,东南风,1级,24.0,12
2019-09-04,23,18,阴,东北风,3级,20.5,5
2019-09-05,26,19,阴,西南风,1级,22.5,7
2019-09-06,27,19,阴,东南风,2级,23.0,8
2019-09-07,24,19,阴,西北风,4级,21.5,5
2019-09-08,30,18,晴,东南风,2级,24.0,12
2019-09-09,30,18,雾,西北风,1级,24.0,12
2019-09-10,24,14,阴,东北风,4级,19.0,10
2019-09-11,24,15,多云,北风,2级,19.5,9
2019-09-12,26,18,多云,东南风,4级,22.0,8
2019-09-13,22,17,阴,东北风,2级,19.5,5
2019-09-14,25,15,多云,西北风,2级,20.0,10
2019-09-15,26,16,晴,东南风,1级,21.0,10
2019-09-16,24,10,晴,西北风,3级,17.0,14
2019-09-17,23,11,阴,西南风,4级,17.0,12
2019-09-18,20,10,晴,西北风,1级,15.0,10
2019-09-19,22,13,阴,东北风,1级,17.5,9
2019-09-20,23,13,阴,东南风,1级,18.0,10
2019-09-21,28,12,晴,西北风,3级,20.0,16
2019-09-22,25,10,晴,东北风,3级,17.5,15
2019-09-23,25,11,晴,东北风,2级,18.0,14
2019-09-24,26,11,晴,西北风,2级,18.5,15
2019-09-25,27,12,晴,东南风,2级,19.5,15
2019-09-26,25,14,阴,东南风,2级,19.5,11
2019-09-27,27,13,雾,东南风,2级,20.0,14
2019-09-28,26,15,雾,东南风,1级,20.5,11
2019-09-29,28,15,雾,东南风,1级,21.5,13
2019-09-30,27,16,晴,东南风,3级,21.5,11
2019-08-01,33,24,多云,东南风,2级,28.5,9
2019-08-02,29,23,小雨,东南风,3级,26.0,6
2019-08-03,29,24,阴,北风,微风,26.5,5
2019-08-04,31,24,多云,东南风,2级,27.5,7
2019-08-05,31,24,阴,东南风,1级,27.5,7
2019-08-06,32,24,多云,东南风,1级,28.0,8
2019-08-07,31,23,阴,东南风,2级,27.0,8
2019-08-08,31,23,阴,东北风,1级,27.0,8
2019-08-09,31,23,多云,东南风,2级,27.0,8
2019-08-10,31,23,阴,东北风,2级,27.0,8
2019-08-11,29,23,大雨,东北风,4级,26.0,6
2019-08-12,26,23,中雨,东南风,5级,24.5,3
2019-08-13,25,23,小雨,东南风,2级,24.0,2
2019-08-14,27,23,小雨,西北风,2级,25.0,4
2019-08-15,28,21,阴,西北风,2级,24.5,7
2019-08-16,28,20,多云,西北风,2级,24.0,8
2019-08-17,27,19,多云,西北风,3级,23.0,8
2019-08-18,30,19,晴,西北风,1级,24.5,11
2019-08-19,31,19,晴,东南风,2级,25.0,12
2019-08-20,29,20,多云,东南风,2级,24.5,9
2019-08-21,29,19,晴,西北风,2级,24.0,10
2019-08-22,28,19,阴,西北风,2级,23.5,9
2019-08-23,27,18,晴,西北风,2级,22.5,9
2019-08-24,29,19,多云,西北风,2级,24.0,10
2019-08-25,30,20,晴,西北风,2级,25.0,10
2019-08-26,29,22,多云,东南风,3级,25.5,7
2019-08-27,29,19,多云,西北风,1级,24.0,10
2019-08-28,30,18,晴,西北风,3级,24.0,12
2019-08-29,24,17,小雨,西北风,2级,20.5,7
2019-08-30,26,17,多云,西北风,3级,21.5,9
2019-08-31,30,17,晴,西北风,3级,23.5,13
2019-07-01,28,18,晴,西北风,4级,23.0,10
2019-07-02,29,19,多云,东南风,2级,24.0,10
2019-07-03,30,19,晴,西南风,2级,24.5,11
2019-07-04,34,21,晴,东南风,3级,27.5,13
2019-07-05,31,21,晴,东南风,4级,26.0,10
2019-07-06,28,20,中雨,东南风,2级,24.0,8
2019-07-07,27,19,阵雨,西北风,2级,23.0,8
2019-07-08,28,19,阴,东南风,2级,23.5,9
2019-07-09,30,19,阴,东南风,3级,24.5,11
2019-07-10,25,19,阴,东北风,2级,22.0,6
2019-07-11,28,20,晴,西北风,2级,24.0,8
2019-07-12,29,19,多云,东南风,2级,24.0,10
2019-07-13,29,20,多云,西北风,2级,24.5,9
2019-07-14,30,19,多云,西南风,2级,24.5,11
2019-07-15,30,20,中雨,东南风,1级,25.0,10
2019-07-16,28,21,阴,东南风,3级,24.5,7
2019-07-17,28,21,阴,东南风,3级,24.5,7
2019-07-18,30,22,晴,东南风,2级,26.0,8
2019-07-19,32,22,多云,东南风,1级,27.0,10
2019-07-20,34,23,多云,西北风,3级,28.5,11
2019-07-21,36,23,晴,东南风,3级,29.5,13
2019-07-22,35,25,晴,东南风,2级,30.0,10
2019-07-23,29,24,阴,东南风,3级,26.5,5
2019-07-24,35,25,晴,东南风,3级,30.0,10
2019-07-25,30,24,多云,东南风,2级,27.0,6
2019-07-26,34,25,晴,东南风,4级,29.5,9
2019-07-27,32,25,多云,东南风,3级,28.5,7
2019-07-28,33,25,阴,东南风,3级,29.0,8
2019-07-29,34,25,多云,东南风,3级,29.5,9
2019-07-30,30,24,小雨,西南风,2级,27.0,6
2019-07-31,34,25,阴,东南风,3级,29.5,9
2019-06-01,27,17,阴,东南风,2级,22.0,10
2019-06-02,23,16,阴,东南风,4级,19.5,7
2019-06-03,25,14,多云,东南风,4级,19.5,11
2019-06-04,26,16,多云,东南风,3级,21.0,10
2019-06-05,24,17,阴,东南风,4级,20.5,7
2019-06-06,19,16,阴,西南风,2级,17.5,3
2019-06-07,25,17,晴,西南风,2级,21.0,8
2019-06-08,22,16,阴,东南风,3级,19.0,6
2019-06-09,21,15,阴,东南风,1级,18.0,6
2019-06-10,23,14,多云,东南风,2级,18.5,9
2019-06-11,25,15,晴,东南风,2级,20.0,10
2019-06-12,26,16,晴,东南风,3级,21.0,10
2019-06-13,24,17,小雨,东南风,3级,20.5,7
2019-06-14,26,17,小雨,东南风,2级,21.5,9
2019-06-15,25,15,晴,东北风,2级,20.0,10
2019-06-16,25,16,多云,西北风,2级,20.5,9
2019-06-17,27,17,晴,东南风,3级,22.0,10
2019-06-18,24,18,多云,东南风,4级,21.0,6
2019-06-19,28,17,多云,东南风,2级,22.5,11
2019-06-20,25,18,多云,东南风,2级,21.5,7
2019-06-21,29,18,晴,东北风,1级,23.5,11
2019-06-22,30,17,晴,东南风,2级,23.5,13
2019-06-23,31,18,晴,西北风,2级,24.5,13
2019-06-24,32,18,晴,东南风,2级,25.0,14
2019-06-25,28,19,阴,东南风,3级,23.5,9
2019-06-26,27,20,多云,东南风,2级,23.5,7
2019-06-27,30,20,晴,西南风,2级,25.0,10
2019-06-28,27,20,阴,东南风,3级,23.5,7
2019-06-29,26,18,中雨,西北风,1级,22.0,8
2019-06-30,27,18,晴,西北风,3级,22.5,9
2019-05-01,21,9,晴,西北风,3级,15.0,12
2019-05-02,22,10,晴,东南风,2级,16.0,12
2019-05-03,26,13,晴,西南风,4级,19.5,13
2019-05-04,24,12,阴,东南风,2级,18.0,12
2019-05-05,17,6,阴,东北风,2级,11.5,11
2019-05-06,21,10,晴,西北风,4级,15.5,11
2019-05-07,19,13,晴,西北风,2级,16.0,6
2019-05-08,20,13,阴,西北风,2级,16.5,7
2019-05-09,22,12,晴,西南风,1级,17.0,10
2019-05-10,24,10,晴,东南风,3级,17.0,14
2019-05-11,22,10,晴,东南风,2级,16.0,12
2019-05-12,22,11,多云,东南风,4级,16.5,11
2019-05-13,19,8,晴,西北风,2级,13.5,11
2019-05-14,23,10,晴,东南风,4级,16.5,13
2019-05-15,19,14,阴,东南风,3级,16.5,5
2019-05-16,25,14,多云,东南风,3级,19.5,11
2019-05-17,23,12,阴,东南风,3级,17.5,11
2019-05-18,27,14,多云,东北风,2级,20.5,13
2019-05-19,22,10,阴,西北风,4级,16.0,12
2019-05-20,21,12,晴,西北风,4级,16.5,9
2019-05-21,25,12,晴,西南风,2级,18.5,13
2019-05-22,27,14,晴,西南风,1级,20.5,13
2019-05-23,30,14,晴,东南风,4级,22.0,16
2019-05-24,32,19,晴,东南风,4级,25.5,13
2019-05-25,27,16,晴,东南风,4级,21.5,11
2019-05-26,21,12,阴,东南风,4级,16.5,9
2019-05-27,22,10,多云,西北风,3级,16.0,12
2019-05-28,28,11,晴,西北风,1级,19.5,17
2019-05-29,28,16,阴,东南风,2级,22.0,12
2019-05-30,24,14,阴,西北风,3级,19.0,10
2019-05-31,26,14,晴,西南风,3级,20.0,12
2019-04-01,10,-2,晴,西北风,2级,4.0,12
2019-04-02,12,-2,阴,东北风,2级,5.0,14
2019-04-03,12,6,晴,西南风,5级,9.0,6
2019-04-04,18,6,晴,西北风,4级,12.0,12
2019-04-05,15,6,多云,北风,2级,10.5,9
2019-04-06,17,3,阴,东北风,2级,10.0,14
2019-04-07,16,2,晴,西北风,2级,9.0,14
2019-04-08,14,4,多云,东北风,2级,9.0,10
2019-04-09,12,5,阴,东南风,2级,8.5,7
2019-04-10,16,2,晴,西北风,5级,9.0,14
2019-04-11,17,3,阴,西北风,3级,10.0,14
2019-04-12,16,6,晴,西南风,3级,11.0,10
2019-04-13,17,5,多云,西北风,3级,11.0,12
2019-04-14,15,5,晴,西南风,1级,10.0,10
2019-04-15,17,8,晴,西南风,1级,12.5,9
2019-04-16,20,7,阴,东南风,3级,13.5,13
2019-04-17,19,12,晴,东南风,3级,15.5,7
2019-04-18,16,6,阴,东北风,3级,11.0,10
2019-04-19,19,6,多云,西南风,1级,12.5,13
2019-04-20,10,7,阴,东南风,2级,8.5,3
2019-04-21,20,8,阴,西南风,2级,14.0,12
2019-04-22,20,8,晴,东南风,3级,14.0,12
2019-04-23,18,9,阴,东南风,3级,13.5,9
2019-04-24,20,7,多云,东北风,4级,13.5,13
2019-04-25,11,5,阴,西北风,3级,8.0,6
2019-04-26,17,5,阴,西北风,2级,11.0,12
2019-04-27,17,6,阴,西北风,4级,11.5,11
2019-04-28,15,8,多云,西南风,3级,11.5,7
2019-04-29,16,9,阴,东南风,3级,12.5,7
2019-04-30,22,9,阴,西北风,3级,15.5,13
2019-03-01,14,-3,多云,西南风,2级,5.5,17
2019-03-02,11,-1,多云,东南风,2级,5.0,12
2019-03-03,10,0,雾,东南风,1级,5.0,10
2019-03-04,13,0,多云,西北风,2级,6.5,13
2019-03-05,5,-4,雨夹雪,东南风,1级,0.5,9
2019-03-06,8,-5,雾,西北风,5级,1.5,13
2019-03-07,10,-4,晴,西北风,2级,3.0,14
2019-03-08,10,-1,晴,东南风,2级,4.5,11
2019-03-09,11,0,阴,东南风,4级,5.5,11
2019-03-10,10,-1,雾,西北风,2级,4.5,11
2019-03-11,9,-2,阴,西北风,3级,3.5,11
2019-03-12,5,-5,多云,西南风,3级,0.0,10
2019-03-13,7,-3,晴,西北风,2级,2.0,10
2019-03-14,12,-2,多云,西北风,1级,5.0,14
2019-03-15,6,-4,阴,西北风,4级,1.0,10
2019-03-16,12,-2,阴,东北风,2级,5.0,14
2019-03-17,13,2,晴,东南风,3级,7.5,11
2019-03-18,16,4,多云,东南风,2级,10.0,12
2019-03-19,14,5,晴,东南风,2级,9.5,9
2019-03-20,8,1,阴,东北风,3级,4.5,7
2019-03-21,5,-4,阴,西北风,4级,0.5,9
2019-03-22,7,-2,晴,西北风,2级,2.5,9
2019-03-23,7,-2,晴,西北风,4级,2.5,9
2019-03-24,12,2,晴,东南风,2级,7.0,10
2019-03-25,13,1,晴,南风,微风,7.0,12
2019-03-26,12,0,多云,东南风,3级,6.0,12
2019-03-27,13,-2,晴,东北风,4级,5.5,15
2019-03-28,9,-1,多云,西北风,3级,4.0,10
2019-03-29,11,0,多云,西北风,2级,5.5,11
2019-03-30,5,-3,阴,西北风,6级,1.0,8
2019-03-31,9,0,晴,西北风,1级,4.5,9
2019-02-01,3,-6,晴,西南风,4级,-1.5,9
2019-02-02,6,-5,多云,东南风,1级,0.5,11
2019-02-03,2,-10,阴,东北风,4级,-4.0,12
2019-02-04,3,-5,晴,东南风,2级,-1.0,8
2019-02-05,1,-8,多云,西北风,2级,-3.5,9
2019-02-06,-3,-15,多云,西北风,4级,-9.0,12
2019-02-07,-9,-16,多云,东北风,2级,-12.5,7
2019-02-08,-6,-14,多云,东北风,3级,-10.0,8
2019-02-09,-6,-13,多云,西北风,1级,-9.5,7
2019-02-10,-2,-13,阴,西北风,3级,-7.5,11
2019-02-11,1,-12,阴,东南风,1级,-5.5,13
2019-02-12,-1,-12,阴,西北风,3级,-6.5,11
2019-02-13,-2,-15,晴,东北风,1级,-8.5,13
2019-02-14,0,-7,多云,西南风,3级,-3.5,7
2019-02-15,-2,-10,阴,西北风,3级,-6.0,8
2019-02-16,0,-11,晴,西北风,2级,-5.5,11
2019-02-17,3,-8,多云,西北风,3级,-2.5,11
2019-02-18,3,-4,阴,东南风,2级,-0.5,7
2019-02-19,1,-6,阴,西北风,4级,-2.5,7
2019-02-20,6,-7,雾,西北风,1级,-0.5,13
2019-02-21,7,-6,晴,东南风,1级,0.5,13
2019-02-22,9,-4,雾,西北风,3级,2.5,13
2019-02-23,10,-3,晴,西南风,2级,3.5,13
2019-02-24,10,-4,晴,西北风,2级,3.0,14
2019-02-25,7,-5,多云,北风,2级,1.0,12
2019-02-26,9,-4,多云,东北风,2级,2.5,13
2019-02-27,8,-5,阴,西北风,2级,1.5,13
2019-02-28,10,-4,晴,西北风,3级,3.0,14
2019-01-01,-2,-13,多云,西北风,3级,-7.5,11
2019-01-02,0,-13,多云,西北风,2级,-6.5,13
2019-01-03,2,-7,多云,东南风,1级,-2.5,9
2019-01-04,1,-12,多云,西北风,1级,-5.5,13
2019-01-05,-1,-12,晴,北风,2级,-6.5,11
2019-01-06,0,-10,晴,东北风,1级,-5.0,10
2019-01-07,1,-12,多云,西北风,2级,-5.5,13
2019-01-08,-2,-14,多云,东北风,3级,-8.0,12
2019-01-09,0,-8,阴,东南风,1级,-4.0,8
2019-01-10,3,-9,晴,北风,微风,-3.0,12
2019-01-11,3,-6,阴,东南风,2级,-1.5,9
2019-01-12,4,-6,多云,西南风,2级,-1.0,10
2019-01-13,3,-8,多云,东北风,1级,-2.5,11
2019-01-14,3,-11,阴,西南风,1级,-4.0,14
2019-01-15,-7,-14,晴,西北风,2级,-10.5,7
2019-01-16,0,-9,阴,南风,微风,-4.5,9
2019-01-17,5,-8,晴,东南风,1级,-1.5,13
2019-01-18,5,-9,多云,东北风,1级,-2.0,14
2019-01-19,1,-9,阴,西北风,2级,-4.0,10
2019-01-20,0,-8,晴,西北风,3级,-4.0,8
2019-01-21,5,-7,晴,东南风,1级,-1.0,12
2019-01-22,6,-8,晴,西北风,微风,-1.0,14
2019-01-23,5,-9,雾,西北风,2级,-2.0,14
2019-01-24,4,-10,多云,西北风,2级,-3.0,14
2019-01-25,-2,-11,晴,东北风,2级,-6.5,9
2019-01-26,1,-10,晴,西北风,3级,-4.5,11
2019-01-27,2,-8,阴,西北风,4级,-3.0,10
2019-01-28,2,-9,晴,西北风,2级,-3.5,11
2019-01-29,6,-4,阴,东南风,2级,1.0,10
2019-01-30,4,-10,多云,西北风,4级,-3.0,14
2019-01-31,-1,-9,阴,西北风,2级,-5.0,8
2018-12-01,8,-2,多云,东北风,2级,3.0,10
2018-12-02,8,4,小雨,东南风,2级,6.0,4
2018-12-03,7,-5,小雨,西北风,4级,1.0,12
2018-12-04,1,-8,晴,东北风,1级,-3.5,9
2018-12-05,1,-6,多云,东南风,2级,-2.5,7
2018-12-06,-4,-14,中雪,西北风,4级,-9.0,10
2018-12-07,-6,-14,多云,东北风,2级,-10.0,8
2018-12-08,-6,-15,晴,西南风,2级,-10.5,9
2018-12-09,1,-11,晴,东北风,2级,-5.0,12
2018-12-10,2,-7,多云,东北风,2级,-2.5,9
2018-12-11,-3,-12,多云,西北风,3级,-7.5,9
2018-12-12,1,-11,晴,西南风,3级,-5.0,12
2018-12-13,-1,-13,晴,西北风,3级,-7.0,12
2018-12-14,0,-11,晴,西南风,1级,-5.5,11
2018-12-15,5,-5,多云,西南风,3级,0.0,10
2018-12-16,5,-7,晴,西北风,1级,-1.0,12
2018-12-17,5,-7,晴,西南风,2级,-1.0,12
2018-12-18,7,-8,晴,西北风,2级,-0.5,15
2018-12-19,7,-7,晴,西北风,2级,0.0,14
2018-12-20,7,-2,晴,东南风,2级,2.5,9
2018-12-21,7,-4,雨夹雪,西北风,2级,1.5,11
2018-12-22,2,-6,雾,西北风,2级,-2.0,8
2018-12-23,-2,-10,晴,西北风,2级,-6.0,8
2018-12-24,2,-5,晴,西南风,2级,-1.5,7
2018-12-25,4,-12,晴,东北风,4级,-4.0,16
2018-12-26,-7,-15,晴,东北风,4级,-11.0,8
2018-12-27,-10,-16,多云,西北风,3级,-13.0,6
2018-12-28,-6,-15,多云,西北风,2级,-10.5,9
2018-12-29,-5,-16,多云,西北风,2级,-10.5,11
2018-12-30,-4,-14,晴,西北风,3级,-9.0,10
2018-12-31,-4,-12,阴,北风,3级,-8.0,8
2018-11-01,15,1,晴,东风,1级,8.0,14
2018-11-02,17,3,晴,南风,1级,10.0,14
2018-11-03,17,5,晴,南风,1级,11.0,12
2018-11-04,13,2,阴,北风,1级,7.5,11
2018-11-05,9,1,多云,西北风,3级,5.0,8
2018-11-06,10,-1,晴,西北风,4级,4.5,11
2018-11-07,11,0,多云,北风,1级,5.5,11
2018-11-08,7,1,阴,西北风,4级,4.0,6
2018-11-09,13,0,晴,西北风,2级,6.5,13
2018-11-10,11,1,晴,西北风,2级,6.0,10
2018-11-11,11,1,多云,西北风,1级,6.0,10
2018-11-12,13,0,晴,西北风,1级,6.5,13
2018-11-13,13,0,晴,西北风,1级,6.5,13
2018-11-14,13,2,晴,东南风,2级,7.5,11
2018-11-15,10,-1,小雨,西北风,4级,4.5,11
2018-11-16,4,-5,晴,西北风,2级,-0.5,9
2018-11-17,9,-1,晴,西南风,2级,4.0,10
2018-11-18,11,-4,多云,西北风,2级,3.5,15
2018-11-19,9,0,晴,东南风,2级,4.5,9
2018-11-20,10,-3,小雨,东北风,3级,3.5,13
2018-11-21,6,-5,多云,西南风,1级,0.5,11
2018-11-22,5,-6,晴,东北风,2级,-0.5,11
2018-11-23,8,-4,多云,东北风,2级,2.0,12
2018-11-24,7,-2,多云,东南风,2级,2.5,9
2018-11-25,9,0,晴,东南风,1级,4.5,9
2018-11-26,12,1,多云,西南风,2级,6.5,11
2018-11-27,9,-5,晴,东北风,2级,2.0,14
2018-11-28,7,-2,多云,东北风,3级,2.5,9
2018-11-29,6,-5,晴,西北风,2级,0.5,11
2018-11-30,9,-4,多云,西南风,3级,2.5,13
2018-10-01,20,7,多云,东风,1级,13.5,13
2018-10-02,23,9,晴,西南风,1级,16.0,14
2018-10-03,24,10,晴,东南风,1级,17.0,14
2018-10-04,24,11,晴,东风,1级,17.5,13
2018-10-05,23,11,晴,西北风,1级,17.0,12
2018-10-06,20,6,晴,西风,2级,13.0,14
2018-10-07,19,6,晴,西风,2级,12.5,13
2018-10-08,22,7,晴,西南风,1级,14.5,15
2018-10-09,16,4,雷阵雨,北风,2级,10.0,12
2018-10-10,15,3,多云,西北风,3级,9.0,12
2018-10-11,16,3,多云,西北风,3级,9.5,13
2018-10-12,18,5,晴,东北风,1级,11.5,13
2018-10-13,20,8,多云,西风,3级,14.0,12
2018-10-14,20,6,多云,西北风,1级,13.0,14
2018-10-15,20,8,晴,东风,1级,14.0,12
2018-10-16,18,3,多云,北风,2级,10.5,15
2018-10-17,15,2,晴,西北风,1级,8.5,13
2018-10-18,16,3,晴,东北风,1级,9.5,13
2018-10-19,19,3,晴,西风,1级,11.0,16
2018-10-20,20,4,晴,东北风,1级,12.0,16
2018-10-21,19,9,多云,东风,1级,14.0,10
2018-10-22,18,10,中雨,南风,1级,14.0,8
2018-10-23,17,7,晴,东风,1级,12.0,10
2018-10-24,19,7,晴,东风,1级,13.0,12
2018-10-25,19,6,小雨,南风,3级,12.5,13
2018-10-26,13,4,晴,西风,3级,8.5,9
2018-10-27,11,2,晴,西北风,1级,6.5,9
2018-10-28,12,1,多云,西风,2级,6.5,11
2018-10-29,9,-1,晴,西风,1级,4.0,10
2018-10-30,11,-3,多云,西风,1级,4.0,14
2018-10-31,13,-1,晴,西北风,1级,6.0,14
2018-09-01,28,19,晴,东南风,2级,23.5,9
2018-09-02,25,21,小到中雨,南风,3级,23.0,4
2018-09-03,27,19,小雨,西南风,1级,23.0,8
2018-09-04,28,17,晴,西北风,3级,22.5,11
2018-09-05,28,18,晴,西风,2级,23.0,10
2018-09-06,27,15,雷阵雨,西风,3级,21.0,12
2018-09-10,26,15,晴,东风,2级,20.5,11
2018-09-11,24,17,阵雨,东南风,2级,20.5,7
2018-09-12,26,18,多云,南风,2级,22.0,8
2018-09-13,27,18,晴,东南风,1级,22.5,9
2018-09-14,27,16,多云,东风,2级,21.5,11
2018-09-16,24,11,多云,西南风,1级,17.5,13
2018-09-17,26,12,晴,西南风,1级,19.0,14
2018-09-18,28,16,多云,西南风,2级,22.0,12
2018-09-19,25,15,多云,南风,微风,20.0,10
2018-09-20,24,15,多云,南风,1级,19.5,9
2018-09-21,25,12,阵雨,西风,4级,18.5,13
2018-09-22,23,10,晴,西南风,2级,16.5,13
2018-09-23,22,8,晴,西北风,1级,15.0,14
2018-09-24,22,7,晴,西北风,1级,14.5,15
2018-09-25,23,8,晴,北风,1级,15.5,15
2018-09-26,24,10,晴,东北风,1级,17.0,14
2018-09-27,24,13,多云,东南风,1级,18.5,11
2018-09-28,22,13,小到中雨,西南风,2级,17.5,9
2018-09-29,20,10,多云,西北风,2级,15.0,10
2018-09-30,19,9,多云,北风,1级,14.0,10
2018-08-01,37,27,晴,北风,1级,32.0,10
2018-08-02,37,26,晴,西南风,1级,31.5,11
2018-08-03,37,26,晴,东南风,3级,31.5,11
2018-08-04,36,27,晴,东南风,3级,31.5,9
2018-08-05,34,26,晴,西北风,2级,30.0,8
2018-08-06,34,25,阵雨,西南风,1级,29.5,9
2018-08-07,32,25,阵雨,东风,2级,28.5,7
2018-08-08,29,23,小到中雨,南风,2级,26.0,6
2018-08-09,32,24,晴,西北风,2级,28.0,8
2018-08-10,34,24,晴,西南风,1级,29.0,10
2018-08-11,34,24,晴,东南风,2级,29.0,10
2018-08-12,33,22,晴,东南风,1级,27.5,11
2018-08-13,30,26,阵雨,东南风,2级,28.0,4
2018-08-14,31,25,中到大雨,东风,2级,28.0,6
2018-08-15,28,21,小到中雨,东南风,2级,24.5,7
2018-08-16,31,22,晴,北风,1级,26.5,9
2018-08-17,29,21,晴,东风,3级,25.0,8
2018-08-18,29,21,多云,东风,2级,25.0,8
2018-08-19,26,21,小到中雨,东风,2级,23.5,5
2018-08-20,24,20,暴雨,北风,2级,22.0,4
2018-08-21,29,20,晴,南风,1级,24.5,9
2018-08-22,30,20,多云,东北风,2级,25.0,10
2018-08-23,27,19,阴,东北风,1级,23.0,8
2018-08-24,27,20,晴,西北风,2级,23.5,7
2018-08-25,28,19,晴,西风,3级,23.5,9
2018-08-26,29,19,晴,西北风,1级,24.0,10
2018-08-27,30,20,晴,西风,2级,25.0,10
2018-08-28,28,20,阵雨,东风,2级,24.0,8
2018-08-29,29,19,多云,西北风,1级,24.0,10
2018-08-30,28,18,晴,北风,微风,23.0,10
2018-08-31,28,17,晴,北风,2级,22.5,11
2018-07-01,25,19,阵雨,东南风,2级,22.0,6
2018-07-02,29,19,晴,南风,2级,24.0,10
2018-07-03,28,20,多云,东风,2级,24.0,8
2018-07-04,31,21,晴,西风,3级,26.0,10
2018-07-05,31,20,晴,东风,2级,25.5,11
2018-07-06,26,20,多云,东风,3级,23.0,6
2018-07-07,26,20,多云,东风,3级,23.0,6
2018-07-08,23,19,阵雨,东风,2级,21.0,4
2018-07-09,24,19,阵雨,东风,3级,21.5,5
2018-07-10,25,19,小雨,东南风,2级,22.0,6
2018-07-11,25,20,阵雨,东风,2级,22.5,5
2018-07-12,31,23,多云,东南风,2级,27.0,8
2018-07-13,31,23,阵雨,东风,2级,27.0,8
2018-07-14,29,22,小雨,东风,3级,25.5,7
2018-07-15,30,23,多云,东风,2级,26.5,7
2018-07-16,31,23,晴,东南风,3级,27.0,8
2018-07-17,30,23,多云,东风,3级,26.5,7
2018-07-18,29,23,多云,东北风,2级,26.0,6
2018-07-19,30,23,晴,东风,3级,26.5,7
2018-07-20,30,23,晴,东南风,4级,26.5,7
2018-07-21,30,23,晴,东风,2级,26.5,7
2018-07-22,31,23,晴,东南风,2级,27.0,8
2018-07-23,31,23,多云,东南风,3级,27.0,8
2018-07-24,30,25,多云,东南风,4级,27.5,5
2018-07-25,33,25,多云,东风,3级,29.0,8
2018-07-26,30,24,小雨,东风,3级,27.0,6
2018-07-27,33,25,多云,东南风,2级,29.0,8
2018-07-28,34,25,晴,北风,1级,29.5,9
2018-07-29,35,25,晴,西风,2级,30.0,10
2018-07-30,36,26,晴,南风,2级,31.0,10
2018-07-31,36,26,晴,北风,1级,31.0,10
2018-06-01,30,15,晴,西南风,2级,22.5,15
2018-06-02,30,16,晴,东风,2级,23.0,14
2018-06-03,29,16,晴,南风,2级,22.5,13
2018-06-04,27,17,多云,东南风,3级,22.0,10
2018-06-05,28,17,晴,东风,2级,22.5,11
2018-06-06,28,17,晴,东风,2级,22.5,11
2018-06-07,24,16,阵雨,东北风,2级,20.0,8
2018-06-08,27,16,晴,西南风,2级,21.5,11
2018-06-09,27,16,多云,西南风,2级,21.5,11
2018-06-10,22,16,阵雨,东风,3级,19.0,6
2018-06-11,24,15,多云,西风,2级,19.5,9
2018-06-12,27,16,晴,南风,2级,21.5,11
2018-06-13,21,17,雷阵雨,东风,3级,19.0,4
2018-06-14,22,17,雷阵雨,东风,2级,19.5,5
2018-06-15,23,16,多云,东风,2级,19.5,7
2018-06-16,25,17,晴,东南风,2级,21.0,8
2018-06-17,25,17,多云,东风,2级,21.0,8
2018-06-18,25,17,晴,东风,3级,21.0,8
2018-06-19,24,17,中雨,东南风,2级,20.5,7
2018-06-20,29,17,晴,西南风,2级,23.0,12
2018-06-21,30,17,晴,西风,1级,23.5,13
2018-06-22,30,19,多云,东风,3级,24.5,11
2018-06-23,30,20,晴,西风,1级,25.0,10
2018-06-24,32,21,晴,东北风,1级,26.5,11
2018-06-25,28,19,多云,东风,2级,23.5,9
2018-06-26,27,19,小雨,西风,3级,23.0,8
2018-06-27,29,20,多云,西北风,2级,24.5,9
2018-06-28,30,20,多云,西风,2级,25.0,10
2018-06-29,32,20,晴,东风,3级,26.0,12
2018-06-30,29,20,多云,东南风,3级,24.5,9
2018-05-01,15,10,中雨,东北风,1级,12.5,5
2018-05-02,19,8,多云,西北风,3级,13.5,11
2018-05-03,23,9,晴,西风,4级,16.0,14
2018-05-04,24,13,晴,东风,1级,18.5,11
2018-05-05,26,13,多云,东风,3级,19.5,13
2018-05-06,24,12,多云,西南风,3级,18.0,12
2018-05-07,25,10,晴,北风,3级,17.5,15
2018-05-08,27,10,晴,北风,2级,18.5,17
2018-05-09,25,10,晴,西南风,4级,17.5,15
2018-05-10,24,11,晴,南风,1级,17.5,13
2018-05-11,19,11,多云,东南风,2级,15.0,8
2018-05-12,16,11,多云,东风,2级,13.5,5
2018-05-13,23,12,多云,东风,3级,17.5,11
2018-05-14,26,13,晴,东风,3级,19.5,13
2018-05-15,18,12,多云,东风,3级,15.0,6
2018-05-16,17,12,多云,东南风,2级,14.5,5
2018-05-17,23,14,多云,东北风,1级,18.5,9
2018-05-18,26,14,晴,西北风,1级,20.0,12
2018-05-19,23,12,晴,东南风,2级,17.5,11
2018-05-20,22,11,晴,东风,2级,16.5,11
2018-05-21,20,10,晴,东南风,3级,15.0,10
2018-05-22,17,10,小到中雨,西风,2级,13.5,7
2018-05-23,23,12,晴,西南风,3级,17.5,11
2018-05-24,28,15,晴,西南风,2级,21.5,13
2018-05-25,27,14,晴,西南风,2级,20.5,13
2018-05-26,26,15,多云,东北风,1级,20.5,11
2018-05-27,27,16,阴,东风,3级,21.5,11
2018-05-28,25,15,雷阵雨,东风,2级,20.0,10
2018-05-29,26,14,晴,东风,2级,20.0,12
2018-05-30,26,15,晴,西南风,2级,20.5,11
2018-05-31,28,15,晴,西南风,3级,21.5,13
2018-04-01,14,4,晴,东风,3级,9.0,10
2018-04-02,18,5,晴,东风,3级,11.5,13
2018-04-03,12,2,多云,北风,3级,7.0,10
2018-04-04,12,2,晴,东北风,2级,7.0,10
2018-04-05,10,1,多云,西风,3级,5.5,9
2018-04-06,7,0,小雨,西北风,4级,3.5,7
2018-04-07,9,0,晴,西南风,3级,4.5,9
2018-04-08,13,0,晴,南风,1级,6.5,13
2018-04-09,16,4,晴,东风,4级,10.0,12
2018-04-10,18,5,小雨,西北风,3级,11.5,13
2018-04-11,19,5,晴,西风,4级,12.0,14
2018-04-12,19,6,晴,北风,1级,12.5,13
2018-04-13,14,5,小雨,东南风,3级,9.5,9
2018-04-14,12,4,多云,西风,3级,8.0,8
2018-04-15,15,4,晴,西北风,2级,9.5,11
2018-04-16,19,5,晴,南风,3级,12.0,14
2018-04-17,20,5,晴,东风,3级,12.5,15
2018-04-18,21,8,晴,东风,3级,14.5,13
2018-04-19,21,9,晴,东南风,3级,15.0,12
2018-04-20,21,9,晴,东风,3级,15.0,12
2018-04-21,17,7,多云,东风,3级,12.0,10
2018-04-22,14,7,小到中雨,东风,3级,10.5,7
2018-04-23,15,6,多云,东南风,1级,10.5,9
2018-04-24,18,7,晴,西北风,2级,12.5,11
2018-04-25,23,9,晴,西南风,2级,16.0,14
2018-04-26,25,9,晴,西风,3级,17.0,16
2018-04-27,24,11,晴,西南风,2级,17.5,13
2018-04-28,25,13,晴,东南风,3级,19.0,12
2018-04-29,26,11,晴,东风,3级,18.5,15
2018-04-30,19,10,阵雨,东风,2级,14.5,9
2018-03-01,0,-8,晴,西北风,2级,-4.0,8
2018-03-02,7,-5,晴,东南风,2级,1.0,12
2018-03-03,10,-2,晴,东风,2级,4.0,12
2018-03-04,4,-4,阴,西北风,2级,0.0,8
2018-03-05,4,-6,晴,西北风,1级,-1.0,10
2018-03-06,4,-5,晴,东南风,2级,-0.5,9
2018-03-07,3,-7,小雨,东风,2级,-2.0,10
2018-03-08,0,-9,晴,北风,2级,-4.5,9
2018-03-09,5,-4,晴,南风,2级,0.5,9
2018-03-10,9,-4,晴,西北风,1级,2.5,13
2018-03-11,8,-2,晴,东南风,5级,3.0,10
2018-03-12,15,2,晴,东北风,3级,8.5,13
2018-03-13,16,4,晴,东风,3级,10.0,12
2018-03-14,12,1,多云,东风,3级,6.5,11
2018-03-15,3,-7,多云,北风,5级,-2.0,10
2018-03-16,5,-4,晴,西风,2级,0.5,9
2018-03-17,8,-1,多云,东风,2级,3.5,9
2018-03-18,7,-1,阴,东北风,微风,3.0,8
2018-03-19,11,-2,晴,北风,3级,4.5,13
2018-03-20,7,-2,多云,北风,2级,2.5,9
2018-03-21,9,-3,多云,西北风,2级,3.0,12
2018-03-22,12,-1,晴,西南风,2级,5.5,13
2018-03-23,13,-2,多云,东风,2级,5.5,15
2018-03-24,17,3,晴,南风,1级,10.0,14
2018-03-25,19,2,晴,东北风,3级,10.5,17
2018-03-26,19,2,晴,东风,4级,10.5,17
2018-03-27,12,4,晴,东风,3级,8.0,8
2018-03-28,15,4,晴,东风,2级,9.5,11
2018-03-29,20,3,晴,北风,1级,11.5,17
2018-03-30,17,3,晴,南风,3级,10.0,14
2018-03-31,18,4,多云,东风,3级,11.0,14
2018-02-01,2,-12,晴,东风,2级,-5.0,14
2018-02-02,-7,-15,小雪,西北风,2级,-11.0,8
2018-02-03,-8,-16,晴,北风,2级,-12.0,8
2018-02-04,-5,-20,晴,西北风,1级,-12.5,15
2018-02-05,-7,-19,多云,西北风,2级,-13.0,12
2018-02-06,-6,-16,晴,西北风,1级,-11.0,10
2018-02-07,-4,-16,多云,北风,1级,-10.0,12
2018-02-08,0,-16,晴,东南风,2级,-8.0,16
2018-02-09,3,-8,晴,西南风,2级,-2.5,11
2018-02-10,-5,-13,晴,西北风,2级,-9.0,8
2018-02-11,-4,-13,晴,西南风,1级,-8.5,9
2018-02-12,-2,-14,晴,东南风,1级,-8.0,12
2018-02-13,6,-10,晴,东北风,2级,-2.0,16
2018-02-14,0,-10,晴,西南风,1级,-5.0,10
2018-02-15,2,-9,晴,东南风,1级,-3.5,11
2018-02-16,1,-11,晴,北风,2级,-5.0,12
2018-02-17,1,-12,晴,南风,3级,-5.5,13
2018-02-18,2,-7,雨夹雪,东风,2级,-2.5,9
2018-02-19,-1,-7,雾,西南风,1级,-4.0,6
2018-02-20,1,-10,晴,西北风,2级,-4.5,11
2018-02-21,3,-10,晴,西南风,1级,-3.5,13
2018-02-22,5,-8,晴,西南风,微风,-1.5,13
2018-02-23,7,-9,多云,西风,3级,-1.0,16
2018-02-24,-1,-10,晴,北风,1级,-5.5,9
2018-02-25,4,-8,晴,南风,1级,-2.0,12
2018-02-26,6,-5,多云,东风,3级,0.5,11
2018-02-27,6,-3,多云,东北风,微风,1.5,9
2018-02-28,4,-6,小雨,西南风,3级,-1.0,10
2018-01-01,2,-11,晴,西北风,1级,-4.5,13
2018-01-02,-3,-12,晴,西南风,1级,-7.5,9
2018-01-03,-3,-10,晴,北风,1级,-6.5,7
2018-01-04,-3,-13,多云,西北风,2级,-8.0,10
2018-01-05,0,-11,晴,西北风,1级,-5.5,11
2018-01-06,-1,-10,晴,西风,2级,-5.5,9
2018-01-07,2,-7,多云,东风,1级,-2.5,9
2018-01-08,-1,-10,多云,西风,2级,-5.5,9
2018-01-09,-4,-14,多云,北风,1级,-9.0,10
2018-01-10,-8,-16,多云,西北风,2级,-12.0,8
2018-01-11,-8,-15,晴,西风,2级,-11.5,7
2018-01-12,-2,-17,晴,东风,3级,-9.5,15
2018-01-13,3,-8,晴,东风,3级,-2.5,11
2018-01-14,3,-7,多云,西风,1级,-2.0,10
2018-01-15,2,-6,晴,东南风,2级,-2.0,8
2018-01-16,4,-7,多云,东北风,1级,-1.5,11
2018-01-17,3,-9,多云,东南风,1级,-3.0,12
2018-01-18,3,-8,晴,南风,1级,-2.5,11
2018-01-19,4,-9,晴,西南风,2级,-2.5,13
2018-01-20,1,-8,晴,北风,1级,-3.5,9
2018-01-21,-2,-11,多云,东风,2级,-6.5,9
2018-01-22,-10,-17,小雪,西风,2级,-13.5,7
2018-01-23,-10,-20,晴,北风,1级,-15.0,10
2018-01-24,-10,-22,晴,北风,2级,-16.0,12
2018-01-25,-11,-21,晴,北风,2级,-16.0,10
2018-01-26,-11,-20,晴,西风,2级,-15.5,9
2018-01-27,-4,-16,多云,北风,2级,-10.0,12
2018-01-28,-6,-15,多云,西北风,微风,-10.5,9
2018-01-29,-5,-14,晴,西南风,1级,-9.5,9
2018-01-30,1,-14,晴,西南风,2级,-6.5,15
2018-01-31,0,-13,晴,北风,1级,-6.5,13
2017-12-01,4,-7,晴,东北风,2级,-1.5,11
2017-12-02,8,-3,晴,西南风,2级,2.5,11
2017-12-03,2,-7,晴,西北风,2级,-2.5,9
2017-12-04,-1,-10,晴,西风,1级,-5.5,9
2017-12-05,2,-10,晴,东风,1级,-4.0,12
2017-12-06,6,-6,晴,西南风,2级,0.0,12
2017-12-07,0,-9,晴,北风,1级,-4.5,9
2017-12-08,2,-10,晴,西风,5级,-4.0,12
2017-12-09,7,-6,晴,西南风,2级,0.5,13
2017-12-10,1,-11,多云,北风,2级,-5.0,12
2017-12-11,-7,-13,晴,北风,2级,-10.0,6
2017-12-12,-6,-14,晴,西风,2级,-10.0,8
2017-12-13,-5,-14,晴,西南风,1级,-9.5,9
2017-12-14,0,-11,多云,东北风,1级,-5.5,11
2017-12-15,0,-8,多云,西风,1级,-4.0,8
2017-12-16,-3,-13,晴,东北风,2级,-8.0,10
2017-12-17,1,-13,晴,西风,微风,-6.0,14
2017-12-18,2,-13,晴,西北风,5级,-5.5,15
2017-12-19,-1,-8,晴,西南风,2级,-4.5,7
2017-12-20,2,-8,多云,西南风,1级,-3.0,10
2017-12-21,7,-7,晴,东南风,1级,0.0,14
2017-12-22,7,-9,晴,西风,2级,-1.0,16
2017-12-23,5,-8,多云,东风,1级,-1.5,13
2017-12-24,0,-10,多云,西北风,2级,-5.0,10
2017-12-25,2,-9,晴,西南风,1级,-3.5,11
2017-12-26,-4,-14,晴,西北风,2级,-9.0,10
2017-12-27,0,-12,多云,东北风,3级,-6.0,12
2017-12-28,4,-5,多云,东风,2级,-0.5,9
2017-12-29,2,-7,晴,西风,1级,-2.5,9
2017-12-30,1,-10,多云,西北风,3级,-4.5,11
2017-12-31,2,-9,晴,东北风,1级,-3.5,11
2017-11-01,17,4,多云,东北风,1级,10.5,13
2017-11-02,17,1,阵雨,西北风,2级,9.0,16
2017-11-03,7,-1,晴,北风,3级,3.0,8
2017-11-04,12,0,晴,西风,3级,6.0,12
2017-11-05,16,8,晴,南风,2级,12.0,8
2017-11-06,16,5,晴,东风,1级,10.5,11
2017-11-07,17,4,多云,西风,1级,10.5,13
2017-11-08,11,-2,晴,北风,1级,4.5,13
2017-11-09,15,5,多云,西南风,2级,10.0,10
2017-11-10,11,0,多云,西北风,4级,5.5,11
2017-11-11,10,0,晴,南风,1级,5.0,10
2017-11-12,12,2,晴,南风,1级,7.0,10
2017-11-13,12,0,晴,西风,2级,6.0,12
2017-11-14,7,-2,晴,北风,1级,2.5,9
2017-11-15,2,-5,晴,东北风,1级,-1.5,7
2017-11-16,7,-6,多云,东北风,1级,0.5,13
2017-11-17,5,-7,多云,北风,3级,-1.0,12
2017-11-18,-1,-7,晴,南风,2级,-4.0,6
2017-11-19,3,-6,晴,西风,2级,-1.5,9
2017-11-20,6,-4,晴,东风,2级,1.0,10
2017-11-21,10,0,晴,西南风,2级,5.0,10
2017-11-22,5,-3,晴,北风,1级,1.0,8
2017-11-23,6,-5,多云,西风,2级,0.5,11
2017-11-24,4,-5,多云,东北风,1级,-0.5,9
2017-11-25,7,-2,多云,东风,2级,2.5,9
2017-11-26,2,-7,多云,西风,1级,-2.5,9
2017-11-27,8,-5,晴,南风,2级,1.5,13
2017-11-28,11,-5,多云,北风,3级,3.0,16
2017-11-29,-3,-8,晴,北风,1级,-5.5,5
2017-11-30,-1,-10,晴,北风,2级,-5.5,9
2017-10-01,24,11,阵雨,东风,3级,17.5,13
2017-10-02,18,8,晴,北风,2级,13.0,10
2017-10-03,18,5,晴,西北风,1级,11.5,13
2017-10-04,19,8,晴,西北风,1级,13.5,11
2017-10-05,21,9,晴,南风,1级,15.0,12
2017-10-06,21,12,多云,东南风,1级,16.5,9
2017-10-07,23,12,多云,东风,1级,17.5,11
2017-10-08,21,15,小雨,东风,2级,18.0,6
2017-10-09,17,10,中雨,西北风,2级,13.5,7
2017-10-10,12,6,小雨,北风,2级,9.0,6
2017-10-11,14,4,晴,西风,1级,9.0,10
2017-10-12,15,7,多云,西风,2级,11.0,8
2017-10-13,18,7,晴,南风,1级,12.5,11
2017-10-14,17,6,晴,东风,1级,11.5,11
2017-10-15,17,5,多云,东风,2级,11.0,12
2017-10-16,17,4,晴,东北风,2级,10.5,13
2017-10-17,17,5,晴,南风,1级,11.0,12
2017-10-18,19,6,多云,西风,1级,12.5,13
2017-10-19,20,7,晴,西南风,2级,13.5,13
2017-10-20,19,8,多云,西南风,2级,13.5,11
2017-10-21,17,6,晴,西北风,2级,11.5,11
2017-10-22,11,2,多云,西北风,3级,6.5,9
2017-10-23,11,1,晴,西北风,2级,6.0,10
2017-10-24,16,4,晴,西南风,1级,10.0,12
2017-10-25,18,7,晴,南风,2级,12.5,11
2017-10-26,9,0,晴,南风,4～5级,4.5,9
2017-10-27,7,0,晴,南风,4～5级,3.5,7
2017-10-28,4,0,多云,北风,6～7级,2.0,4
2017-10-29,0,0,晴,北风,6～7级,0.0,0
2017-10-30,15,3,晴,西南风,2级,9.0,12
2017-10-31,17,4,晴,西南风,2级,10.5,13
2017-09-01,27,17,阵雨,东南风,2级,22.0,10
2017-09-02,27,17,雷阵雨,东南风,1级,22.0,10
2017-09-03,27,18,晴,东北风,1级,22.5,9
2017-09-04,27,19,阵雨,东南风,3级,23.0,8
2017-09-05,26,19,阵雨,西风,2级,22.5,7
2017-09-06,28,17,多云,东北风,2级,22.5,11
2017-09-07,29,18,晴,南风,1级,23.5,11
2017-09-08,29,18,晴,西南风,2级,23.5,11
2017-09-09,29,19,晴,东南风,1级,24.0,10
2017-09-10,27,16,多云,南风,2级,21.5,11
2017-09-11,26,13,多云,西北风,2级,19.5,13
2017-09-12,26,12,晴,西北风,2级,19.0,14
2017-09-13,27,16,晴,南风,2级,21.5,11
2017-09-14,27,17,晴,东南风,2级,22.0,10
2017-09-15,26,17,晴,东南风,3级,21.5,9
2017-09-16,27,17,晴,南风,3级,22.0,10
2017-09-17,26,15,多云,西北风,2级,20.5,11
2017-09-18,28,18,晴,西南风,2级,23.0,10
2017-09-19,26,13,多云,西北风,1级,19.5,13
2017-09-20,26,13,晴,南风,2级,19.5,13
2017-09-21,27,16,晴,东南风,3级,21.5,11
2017-09-22,24,12,阵雨,东风,1级,18.0,12
2017-09-23,26,18,晴,东南风,2级,22.0,8
2017-09-24,26,17,阵雨,东南风,3级,21.5,9
2017-09-25,26,17,晴,东风,3级,21.5,9
2017-09-26,23,13,阵雨,北风,2级,18.0,10
2017-09-27,21,10,晴,西北风,2级,15.5,11
2017-09-28,20,8,晴,东北风,2级,14.0,12
2017-09-29,23,9,晴,西风,2级,16.0,14
2017-09-30,25,16,晴,南风,2级,20.5,9
2017-08-01,30,23,多云,东风,3级,26.5,7
2017-08-02,30,24,阵雨,东南风,4级,27.0,6
2017-08-03,29,24,大雨,东南风,4级,26.5,5
2017-08-04,30,23,多云,东南风,2级,26.5,7
2017-08-05,29,23,大雨,东风,2级,26.0,6
2017-08-06,30,23,阵雨,南风,2级,26.5,7
2017-08-07,31,20,晴,西风,1级,25.5,11
2017-08-08,32,21,晴,西南风,3级,26.5,11
2017-08-09,31,22,晴,东风,4级,26.5,9
2017-08-10,30,22,阵雨,南风,1级,26.0,8
2017-08-11,31,22,晴,东风,2级,26.5,9
2017-08-12,31,23,晴,东风,3级,27.0,8
2017-08-13,29,23,多云,东风,2级,26.0,6
2017-08-14,28,22,阵雨,东北风,1级,25.0,6
2017-08-15,28,21,阵雨,东北风,3级,24.5,7
2017-08-16,29,21,多云,东风,1级,25.0,8
2017-08-17,27,21,雷阵雨,东风,2级,24.0,6
2017-08-18,28,21,阵雨,东风,1级,24.5,7
2017-08-19,28,22,阵雨,东风,3级,25.0,6
2017-08-20,27,22,阵雨,东北风,2级,24.5,5
2017-08-21,30,21,晴,西风,2级,25.5,9
2017-08-22,30,23,晴,东风,2级,26.5,7
2017-08-23,28,20,阵雨,西风,3级,24.0,8
2017-08-24,29,18,晴,北风,1级,23.5,11
2017-08-25,29,18,晴,北风,1级,23.5,11
2017-08-26,30,18,晴,西风,1级,24.0,12
2017-08-27,27,18,阵雨,东南风,2级,22.5,9
2017-08-28,23,13,小到中雨,西北风,1级,18.0,10
2017-08-29,24,14,晴,西南风,2级,19.0,10
2017-08-30,26,15,晴,西风,2级,20.5,11
2017-08-31,27,17,晴,西南风,2级,22.0,10
2017-07-01,31,21,多云,东南风,2级,26.0,10
2017-07-02,29,21,阴,东风,2级,25.0,8
2017-07-03,30,22,晴,西南风,3级,26.0,8
2017-07-04,32,21,晴,西风,3级,26.5,11
2017-07-05,32,22,晴,东南风,3级,27.0,10
2017-07-06,29,22,多云,东风,3级,25.5,7
2017-07-07,26,23,大雨,东风,3级,24.5,3
2017-07-08,31,23,晴,东风,3级,27.0,8
2017-07-09,29,23,多云,东风,3级,26.0,6
2017-07-10,31,24,多云,东南风,3级,27.5,7
2017-07-11,33,23,晴,东风,3级,28.0,10
2017-07-12,33,24,晴,东南风,3级,28.5,9
2017-07-13,33,24,晴,东南风,2级,28.5,9
2017-07-14,33,25,小雨,东南风,1级,29.0,8
2017-07-15,30,23,多云,东南风,2级,26.5,7
2017-07-16,31,24,多云,东南风,3级,27.5,7
2017-07-17,30,24,多云,东南风,2级,27.0,6
2017-07-18,32,24,晴,东南风,2级,28.0,8
2017-07-19,32,25,多云,南风,2级,28.5,7
2017-07-20,30,24,雷阵雨,南风,1级,27.0,6
2017-07-21,30,23,多云,北风,1级,26.5,7
2017-07-22,30,23,多云,北风,2级,26.5,7
2017-07-23,31,23,多云,西北风,2级,27.0,8
2017-07-24,32,23,多云,东北风,1级,27.5,9
2017-07-25,32,23,晴,西北风,3级,27.5,9
2017-07-26,30,20,多云,东风,3级,25.0,10
2017-07-27,29,21,多云,东风,2级,25.0,8
2017-07-28,31,21,多云,北风,3级,26.0,10
2017-07-29,30,20,多云,西南风,1级,25.0,10
2017-07-30,30,21,晴,南风,3级,25.5,9
2017-07-31,29,21,多云,东风,2级,25.0,8
2017-06-01,30,14,晴,北风,3级,22.0,16
2017-06-02,23,11,阵雨,北风,3级,17.0,12
2017-06-03,25,13,晴,西南风,4级,19.0,12
2017-06-04,28,14,晴,西南风,3级,21.0,14
2017-06-05,28,16,晴,东风,3级,22.0,12
2017-06-06,19,13,小雨,东南风,3级,16.0,6
2017-06-07,25,16,多云,西南风,4级,20.5,9
2017-06-08,30,19,晴,西南风,4级,24.5,11
2017-06-09,30,15,多云,北风,3级,22.5,15
2017-06-10,27,15,晴,西北风,4级,21.0,12
2017-06-11,28,16,晴,西北风,3级,22.0,12
2017-06-12,26,15,阵雨,东北风,3级,20.5,11
2017-06-13,28,16,晴,西南风,3级,22.0,12
2017-06-14,30,20,晴,西风,5级,25.0,10
2017-06-15,32,22,晴,西南风,4级,27.0,10
2017-06-16,32,18,晴,东风,4级,25.0,14
2017-06-17,30,19,晴,东风,4级,24.5,11
2017-06-18,30,19,晴,东南风,4级,24.5,11
2017-06-19,29,19,阵雨,南风,4级,24.0,10
2017-06-20,27,18,阵雨,东南风,3级,22.5,9
2017-06-21,30,19,晴,西风,1级,24.5,11
2017-06-22,30,18,多云,东风,3级,24.0,12
2017-06-23,26,19,阵雨,东南风,3级,22.5,7
2017-06-24,25,18,小雨,东风,2级,21.5,7
2017-06-25,29,19,多云,北风,3级,24.0,10
2017-06-26,30,19,晴,南风,3级,24.5,11
2017-06-27,30,19,晴,东南风,4级,24.5,11
2017-06-28,30,20,晴,东风,3级,25.0,10
2017-06-29,28,21,晴,东南风,3级,24.5,7
2017-06-30,30,19,多云,东风,2级,24.5,11
2017-05-01,26,11,晴,南风,4级,18.5,15
2017-05-02,25,10,晴,东南风,4级,17.5,15
2017-05-03,19,12,多云,东北风,3级,15.5,7
2017-05-04,15,10,小雨,东南风,2级,12.5,5
2017-05-05,21,8,雷阵雨,西北风,3级,14.5,13
2017-05-06,22,7,晴,西风,4级,14.5,15
2017-05-07,25,13,晴,西南风,4级,19.0,12
2017-05-08,27,15,晴,东南风,3级,21.0,12
2017-05-09,21,10,多云,西南风,3级,15.5,11
2017-05-10,22,12,晴,南风,3级,17.0,10
2017-05-11,28,9,晴,东风,5级,18.5,19
2017-05-12,23,12,晴,东南风,4级,17.5,11
2017-05-13,22,10,多云,西风,3级,16.0,12
2017-05-14,23,9,晴,西风,4级,16.0,14
2017-05-15,25,11,晴,西南风,4级,18.0,14
2017-05-16,27,12,晴,东南风,4级,19.5,15
2017-05-17,27,14,晴,东南风,4级,20.5,13
2017-05-18,30,17,晴,南风,3级,23.5,13
2017-05-19,31,15,晴,东南风,3级,23.0,16
2017-05-20,28,15,晴,东风,3级,21.5,13
2017-05-21,25,13,晴,东南风,4级,19.0,12
2017-05-22,24,13,多云,东风,3级,18.5,11
2017-05-23,24,12,多云,西北风,3级,18.0,12
2017-05-24,28,12,晴,西风,4级,20.0,16
2017-05-25,22,11,晴,北风,4级,16.5,11
2017-05-26,25,12,晴,西北风,2级,18.5,13
2017-05-27,26,15,晴,东南风,6级,20.5,11
2017-05-28,28,17,晴,东风,4级,22.5,11
2017-05-29,27,16,多云,东北风,2级,21.5,11
2017-05-30,24,14,雷阵雨,东南风,4级,19.0,10
2017-05-31,24,15,多云,西南风,2级,19.5,9
2017-04-01,17,2,晴,北风,3级,9.5,15
2017-04-02,19,3,晴,东南风,2级,11.0,16
2017-04-03,23,5,晴,南风,2级,14.0,18
2017-04-04,21,3,多云,东风,4级,12.0,18
2017-04-05,11,4,小雨,东风,4级,7.5,7
2017-04-06,16,5,晴,西北风,2级,10.5,11
2017-04-07,17,6,多云,东风,3级,11.5,11
2017-04-08,15,4,多云,北风,5级,9.5,11
2017-04-09,18,5,晴,西北风,3级,11.5,13
2017-04-10,17,5,多云,东风,2级,11.0,12
2017-04-11,16,4,晴,西风,2级,10.0,12
2017-04-12,19,4,晴,东风,2级,11.5,15
2017-04-13,21,8,晴,东北风,3级,14.5,13
2017-04-14,21,7,多云,西南风,4级,14.0,14
2017-04-15,24,10,晴,东风,4级,17.0,14
2017-04-16,23,10,多云,东风,5级,16.5,13
2017-04-17,18,9,多云,南风,4级,13.5,9
2017-04-18,18,6,晴,西风,3级,12.0,12
2017-04-19,18,7,多云,南风,5级,12.5,11
2017-04-20,19,7,晴,西南风,4级,13.0,12
2017-04-21,19,7,多云,西风,4级,13.0,12
2017-04-22,21,10,晴,西风,5级,15.5,11
2017-04-23,20,9,晴,东风,3级,14.5,11
2017-04-24,17,8,雷阵雨,东风,1级,12.5,9
2017-04-25,19,6,晴,北风,3级,12.5,13
2017-04-26,18,6,晴,西风,3级,12.0,12
2017-04-27,21,10,晴,西南风,5级,15.5,11
2017-04-28,25,10,晴,西风,5级,17.5,15
2017-04-29,27,13,晴,西风,6级,20.0,14
2017-04-30,27,8,晴,东风,2级,17.5,19
2017-03-01,-1,-7,多云,北风,5级,-4.0,6
2017-03-02,5,-4,晴,西风,4级,0.5,9
2017-03-03,11,-4,晴,西南风,3级,3.5,15
2017-03-05,2,-6,多云,东南风,1级,-2.0,8
2017-03-06,4,-8,小雪,西北风,1级,-2.0,12
2017-03-07,3,-5,晴,西风,2级,-1.0,8
2017-03-08,5,-5,晴,西风,3级,0.0,10
2017-03-09,8,-4,晴,北风,微风,2.0,12
2017-03-10,13,-3,晴,西南风,2级,5.0,16
2017-03-11,14,-1,多云,东风,3级,6.5,15
2017-03-12,7,-3,多云,西北风,2级,2.0,10
2017-03-13,8,-2,晴,北风,3级,3.0,10
2017-03-14,10,-3,晴,北风,4级,3.5,13
2017-03-15,12,-2,晴,西南风,2级,5.0,14
2017-03-16,14,0,晴,北风,微风,7.0,14
2017-03-17,14,1,多云,南风,1级,7.5,13
2017-03-18,16,0,晴,北风,微风,8.0,16
2017-03-19,16,1,晴,西风,2级,8.5,15
2017-03-20,12,-2,多云,北风,3级,5.0,14
2017-03-21,10,-2,晴,西北风,2级,4.0,12
2017-03-22,13,0,多云,西风,3级,6.5,13
2017-03-23,11,0,多云,北风,3级,5.5,11
2017-03-24,9,2,阴,西风,4级,5.5,7
2017-03-25,12,-2,多云,西风,5级,5.0,14
2017-03-26,13,0,多云,西风,3级,6.5,13
2017-03-27,14,-1,晴,西北风,4级,6.5,15
2017-03-28,14,1,多云,西南风,5级,7.5,13
2017-03-29,15,3,晴,西南风,4级,9.0,12
2017-03-30,15,2,晴,北风,3级,8.5,13
2017-03-31,15,2,晴,北风,3级,8.5,13
2017-02-01,-4,-10,晴,西北风,1级,-7.0,6
2017-02-02,4,-6,晴,西风,3级,-1.0,10
2017-02-03,7,-6,晴,东风,2级,0.5,13
2017-02-04,4,-5,雨夹雪,东北风,1级,-0.5,9
2017-02-05,0,-7,晴,西风,2级,-3.5,7
2017-02-06,0,-11,晴,西北风,2级,-5.5,11
2017-02-07,1,-7,多云,西北风,2级,-3.0,8
2017-02-08,-3,-12,多云,西北风,3级,-7.5,9
2017-02-09,-4,-12,晴,西风,3级,-8.0,8
2017-02-10,-4,-11,晴,西北风,2级,-7.5,7
2017-02-11,-2,-10,晴,西北风,2级,-6.0,8
2017-02-12,5,-9,晴,北风,微风,-2.0,14
2017-02-13,5,-9,晴,西南风,1级,-2.0,14
2017-02-14,7,-6,晴,南风,1级,0.5,13
2017-02-15,9,-3,晴,东风,2级,3.0,12
2017-02-16,5,-9,雨夹雪,东北风,3级,-2.0,14
2017-02-17,0,-9,晴,西北风,2级,-4.5,9
2017-02-18,4,-9,晴,东南风,2级,-2.5,13
2017-02-19,7,-10,阴,北风,4级,-1.5,17
2017-02-20,-3,-11,晴,北风,1级,-7.0,8
2017-02-21,2,-9,多云,北风,1级,-3.5,11
2017-02-22,0,-8,小雪,西北风,2级,-4.0,8
2017-02-23,1,-6,晴,西南风,1级,-2.5,7
2017-02-24,5,-7,晴,西南风,1级,-1.0,12
2017-02-25,7,-5,晴,北风,1级,1.0,12
2017-02-26,9,-6,晴,东南风,1级,1.5,15
2017-02-27,10,-1,晴,东风,2级,4.5,11
2017-02-28,10,-1,多云,东风,2级,4.5,11
2017-01-01,7,-3,霾,南风,2级,2.0,10
2017-01-02,4,-8,雾,西北风,1级,-2.0,12
2017-01-03,7,-7,晴,西北风,1级,0.0,14
2017-01-04,5,-7,晴,西北风,1级,-1.0,12
2017-01-05,4,-6,多云,西北风,1级,-1.0,10
2017-01-06,5,-6,晴,东风,2级,-0.5,11
2017-01-07,5,-5,多云,西北风,1级,0.0,10
2017-01-08,0,-11,多云,西北风,3级,-5.5,11
2017-01-09,-1,-11,晴,西风,1级,-6.0,10
2017-01-10,-3,-11,晴,北风,1级,-7.0,8
2017-01-11,2,-12,晴,东风,1级,-5.0,14
2017-01-12,-2,-12,晴,北风,2级,-7.0,10
2017-01-13,-4,-14,晴,西北风,1级,-9.0,10
2017-01-14,-5,-14,晴,西北风,2级,-9.5,9
2017-01-15,-2,-12,晴,北风,1级,-7.0,10
2017-01-16,0,-12,晴,西风,1级,-6.0,12
2017-01-17,1,-9,多云,东风,2级,-4.0,10
2017-01-18,0,-10,多云,西北风,2级,-5.0,10
2017-01-19,-5,-14,中雪,北风,4级,-9.5,9
2017-01-20,-7,-14,多云,北风,1级,-10.5,7
2017-01-21,-1,-16,多云,西北风,2级,-8.5,15
2017-01-22,-7,-16,晴,西北风,1级,-11.5,9
2017-01-23,-4,-17,晴,西北风,3级,-10.5,13
2017-01-24,-2,-16,晴,北风,微风,-9.0,14
2017-01-25,4,-12,晴,东北风,2级,-4.0,16
2017-01-26,5,-11,小雪,北风,3级,-3.0,16
2017-01-27,1,-9,晴,南风,2级,-4.0,10
2017-01-28,4,-8,多云,东风,3级,-2.0,12
2017-01-29,-2,-13,小雪,北风,4级,-7.5,11
2017-01-30,-5,-13,晴,东风,1级,-9.0,8
2017-01-31,2,-10,晴,西风,2级,-4.0,12
2016-12-01,6,-5,晴,西风,1级,0.5,11
2016-12-02,10,-2,晴,南风,1级,4.0,12
2016-12-03,12,-1,晴,南风,1级,5.5,13
2016-12-04,9,-4,多云,北风,2级,2.5,13
2016-12-05,0,-7,晴,西北风,1级,-3.5,7
2016-12-06,7,-6,晴,西南风,2级,0.5,13
2016-12-07,2,-5,晴,西风,2级,-1.5,7
2016-12-08,2,-7,雨夹雪,北风,4级,-2.5,9
2016-12-09,0,-9,晴,西北风,2级,-4.5,9
2016-12-10,5,-8,晴,北风,1级,-1.5,13
2016-12-11,6,-7,晴,东风,1级,-0.5,13
2016-12-12,4,-6,雨夹雪,东北风,2级,-1.0,10
2016-12-13,-3,-11,多云,北风,3级,-7.0,8
2016-12-14,-4,-11,晴,北风,2级,-7.5,7
2016-12-15,-3,-12,晴,西南风,1级,-7.5,9
2016-12-16,5,-11,晴,西风,3级,-3.0,16
2016-12-17,8,-4,晴,东风,3级,2.0,12
2016-12-18,8,-2,晴,东北风,1级,3.0,10
2016-12-19,7,-2,雾,西北风,1级,2.5,9
2016-12-20,4,-2,多云,东风,1级,1.0,6
2016-12-21,4,-5,多云,北风,3级,-0.5,9
2016-12-22,-5,-12,阴,西北风,4级,-8.5,7
2016-12-23,-3,-12,多云,西风,2级,-7.5,9
2016-12-24,1,-9,晴,东北风,2级,-4.0,10
2016-12-25,1,-9,晴,东北风,2级,-4.0,10
2016-12-26,-4,-12,小雪,北风,4级,-8.0,8
2016-12-27,-6,-14,晴,西风,1级,-10.0,8
2016-12-28,0,-14,多云,北风,2级,-7.0,14
2016-12-29,-1,-10,晴,东北风,1级,-5.5,9
2016-12-30,4,-8,晴,西风,2级,-2.0,12
2016-12-31,5,-3,晴,西南风,2级,1.0,8
2016-11-01,9,-3,晴,东风,1级,3.0,12
2016-11-02,13,0,多云,西风,2级,6.5,13
2016-11-03,15,3,晴,南风,1级,9.0,12
2016-11-04,16,5,晴,南风,2级,10.5,11
2016-11-05,13,-1,晴,北风,4级,6.0,14
2016-11-06,10,0,晴,北风,微风,5.0,10
2016-11-07,4,-6,雨夹雪,北风,3级,-1.0,10
2016-11-08,4,-5,晴,西北风,2级,-0.5,9
2016-11-09,7,-3,晴,东南风,2级,2.0,10
2016-11-10,10,1,小雨,西风,2级,5.5,9
2016-11-11,12,3,晴,东风,3级,7.5,9
2016-11-12,13,2,晴,北风,微风,7.5,11
2016-11-13,15,5,晴,东南风,1级,10.0,10
2016-11-14,12,-5,晴,北风,2级,3.5,17
2016-11-15,6,-3,晴,西风,1级,1.5,9
2016-11-16,12,-1,晴,东风,2级,5.5,13
2016-11-17,12,2,晴,东风,2级,7.0,10
2016-11-18,12,5,小雨,东风,3级,8.5,7
2016-11-19,6,-4,多云,西北风,2级,1.0,10
2016-11-20,4,-5,晴,东北风,1级,-0.5,9
2016-11-21,-1,-9,小雪,北风,4级,-5.0,8
2016-11-22,-4,-11,多云,西北风,2级,-7.5,7
2016-11-23,0,-10,多云,东风,2级,-5.0,10
2016-11-24,3,-8,晴,北风,2级,-2.5,11
2016-11-25,7,-5,多云,东风,1级,1.0,12
2016-11-26,7,-3,小雨,西南风,2级,2.0,10
2016-11-27,5,-7,晴,西北风,1级,-1.0,12
2016-11-28,6,-5,晴,南风,1级,0.5,11
2016-11-29,5,-5,晴,东风,1级,0.0,10
2016-11-30,7,-2,雨夹雪,西风,3级,2.5,9
2016-10-01,25,14,晴,东南风,1级,19.5,11
2016-10-02,24,14,多云,东风,2级,19.0,10
2016-10-03,24,10,晴,东北风,2级,17.0,14
2016-10-04,21,11,多云,东风,2级,16.0,10
2016-10-05,18,7,多云,西北风,2级,12.5,11
2016-10-06,20,9,晴,西北风,1级,14.5,11
2016-10-07,18,10,阴,东北风,1级,14.0,8
2016-10-08,15,4,晴,北风,3级,9.5,11
2016-10-09,16,7,晴,东北风,1级,11.5,9
2016-10-10,19,9,多云,西南风,2级,14.0,10
2016-10-11,19,6,晴,北风,1级,12.5,13
2016-10-12,20,9,晴,南风,1级,14.5,11
2016-10-13,21,10,多云,西南风,2级,15.5,11
2016-10-14,23,11,晴,西南风,1级,17.0,12
2016-10-15,23,13,多云,东南风,2级,18.0,10
2016-10-16,20,11,阵雨,西南风,2级,15.5,9
2016-10-17,18,4,晴,西风,1级,11.0,14
2016-10-18,20,9,晴,南风,1级,14.5,11
2016-10-19,23,9,晴,北风,微风,16.0,14
2016-10-20,17,6,晴,北风,2级,11.5,11
2016-10-21,21,7,多云,东风,2级,14.0,14
2016-10-22,10,3,多云,北风,3级,6.5,7
2016-10-23,13,4,多云,北风,微风,8.5,9
2016-10-24,16,5,小雨,东风,1级,10.5,11
2016-10-25,18,7,晴,西南风,2级,12.5,11
2016-10-26,13,2,多云,北风,微风,7.5,11
2016-10-27,13,3,多云,西北风,2级,8.0,10
2016-10-28,10,-2,多云,北风,2级,4.0,12
2016-10-29,9,-1,晴,北风,微风,4.0,10
2016-10-30,14,-3,阵雨,北风,3级,5.5,17
2016-10-31,4,-7,多云,西风,1级,-1.5,11
2016-09-01,19,16,小雨,北风,微风,17.5,3
2016-09-02,26,16,多云,东南风,1级,21.0,10
2016-09-03,26,17,阵雨,东风,2级,21.5,9
2016-09-04,28,18,晴,东南风,2级,23.0,10
2016-09-05,26,19,阵雨,东北风,1级,22.5,7
2016-09-06,29,19,晴,西南风,1级,24.0,10
2016-09-07,27,18,阵雨,北风,微风,22.5,9
2016-09-08,27,17,多云,西风,1级,22.0,10
2016-09-09,29,18,多云,东南风,2级,23.5,11
2016-09-10,25,17,阵雨,东风,2级,21.0,8
2016-09-11,26,16,多云,东风,1级,21.0,10
2016-09-12,25,18,雷阵雨,北风,微风,21.5,7
2016-09-13,25,16,多云,北风,微风,20.5,9
2016-09-14,27,17,晴,南风,1级,22.0,10
2016-09-15,27,18,晴,北风,微风,22.5,9
2016-09-16,27,16,晴,东南风,1级,21.5,11
2016-09-17,25,15,晴,北风,3级,20.0,10
2016-09-18,24,12,晴,北风,2级,18.0,12
2016-09-19,23,13,晴,北风,2级,18.0,10
2016-09-20,26,11,晴,北风,微风,18.5,15
2016-09-21,25,13,晴,东风,1级,19.0,12
2016-09-22,24,16,晴,东风,2级,20.0,8
2016-09-23,26,18,阵雨,东南风,3级,22.0,8
2016-09-24,26,19,晴,东南风,2级,22.5,7
2016-09-25,26,17,晴,东风,2级,21.5,9
2016-09-26,25,16,多云,东南风,2级,20.5,9
2016-09-27,24,9,阵雨,北风,3级,16.5,15
2016-09-28,17,6,晴,北风,2级,11.5,11
2016-09-29,20,9,晴,北风,微风,14.5,11
2016-09-30,24,12,晴,西风,1级,18.0,12
2016-08-01,29,23,雷阵雨,西北风~东北风,4-5级,26.0,6
2016-08-02,29,22,多云,西北风~东北风,4-5级,25.5,7
2016-08-03,32,23,晴,南风,2级,27.5,9
2016-08-04,32,23,晴,西南风,3级,27.5,9
2016-08-05,33,23,晴,西南风,2级,28.0,10
2016-08-06,32,23,晴,西南风,2级,27.5,9
2016-08-07,27,22,中雨,东风,1级,24.5,5
2016-08-08,30,23,多云,北风,微风,26.5,7
2016-08-09,32,23,晴,北风,微风,27.5,9
2016-08-10,33,23,晴,北风,微风,28.0,10
2016-08-11,33,24,晴,南风,2级,28.5,9
2016-08-12,32,25,多云,西南风,2级,28.5,7
2016-08-13,30,25,中到大雨,西风,1级,27.5,5
2016-08-14,33,22,多云,北风,2级,27.5,11
2016-08-15,33,21,阵雨,西北风,2级,27.0,12
2016-08-16,33,20,晴,西风,1级,26.5,13
2016-08-17,32,21,晴,西南风,1级,26.5,11
2016-08-18,29,23,阵雨,东风,3级,26.0,6
2016-08-19,27,23,中到大雨,东北风,2级,25.0,4
2016-08-20,27,23,多云,东风,2级,25.0,4
2016-08-21,31,21,晴,北风,微风,26.0,10
2016-08-22,32,20,晴,西北风,2级,26.0,12
2016-08-23,32,22,晴,西北风,2级,27.0,10
2016-08-24,31,22,多云,东南风,1级,26.5,9
2016-08-25,25,16,中雨,西北风,2级,20.5,9
2016-08-26,27,14,晴,北风,1级,20.5,13
2016-08-27,28,15,晴,北风,微风,21.5,13
2016-08-28,28,16,晴,北风,微风,22.0,12
2016-08-29,27,17,晴,北风,2级,22.0,10
2016-08-30,26,16,晴,西北风,3级,21.0,10
2016-08-31,21,15,小到中雨,西北风,4级,18.0,6
2016-07-01,28,20,阵雨~晴,西北风~东北风,4-5级,24.0,8
2016-07-02,31,19,晴,西北风~东北风,4-5级,25.0,12
2016-07-03,30,19,晴,西北风~东北风,4-5级,24.5,11
2016-07-04,27,19,雾~多云,西北风~东北风,4-5级,23.0,8
2016-07-05,27,20,阴,西北风~东北风,4-5级,23.5,7
2016-07-06,31,20,晴,西北风~东北风,4-5级,25.5,11
2016-07-07,28,19,晴~多云,西北风~东北风,4-5级,23.5,9
2016-07-08,29,20,晴,西北风~东北风,4-5级,24.5,9
2016-07-09,30,21,晴,西北风~东北风,4-5级,25.5,9
2016-07-10,32,21,晴,西北风~东北风,4-5级,26.5,11
2016-07-11,32,22,晴,西北风~东北风,4-5级,27.0,10
2016-07-12,31,22,晴~多云,西北风~东北风,4-5级,26.5,9
2016-07-13,30,21,多云~晴,西北风~东北风,4-5级,25.5,9
2016-07-14,34,23,晴转多云,西北风~东北风,4-5级,28.5,11
2016-07-15,28,22,多云转阴,西北风~东北风,4-5级,25.0,6
2016-07-16,26,19,多云,西北风~东北风,4-5级,22.5,7
2016-07-17,30,18,晴,西北风~东北风,4-5级,24.0,12
2016-07-18,30,21,晴转多云,西北风~东北风,4-5级,25.5,9
2016-07-19,28,22,多云,西北风~东北风,4-5级,25.0,6
2016-07-20,24,22,大到暴雨,西北风~东北风,4-5级,23.0,2
2016-07-21,27,23,阵雨,西北风~东北风,4-5级,25.0,4
2016-07-22,27,22,阵雨,西北风~东北风,4-5级,24.5,5
2016-07-23,29,24,阵雨,西北风~东北风,4-5级,26.5,5
2016-07-24,30,23,多云,西北风~东北风,4-5级,26.5,7
2016-07-25,30,23,阵雨,西北风~东北风,4-5级,26.5,7
2016-07-26,28,21,阵雨,西北风~东北风,4-5级,24.5,7
2016-07-27,31,23,多云,西北风~东北风,4-5级,27.0,8
2016-07-28,31,22,晴,西北风~东北风,4-5级,26.5,9
2016-07-29,30,23,雾,西北风~东北风,4-5级,26.5,7
2016-07-30,30,23,晴,西北风~东北风,4-5级,26.5,7
2016-07-31,29,24,阵雨,西北风~东北风,4-5级,26.5,5
2016-06-01,28,15,晴,西北风~东北风,4-5级,21.5,13
2016-06-02,28,14,晴,西北风~东北风,4-5级,21.0,14
2016-06-03,30,15,晴,西北风~东北风,4-5级,22.5,15
2016-06-04,26,15,多云~晴,西北风~东北风,4-5级,20.5,11
2016-06-05,29,15,晴,暂无实况,,22.0,14
2016-06-06,29,15,晴,暂无实况,,22.0,14
2016-06-07,27,16,多云,西北风~东北风,4-5级,21.5,11
2016-06-08,29,16,晴,西北风~东北风,4-5级,22.5,13
2016-06-09,29,16,晴,西北风~东北风,4-5级,22.5,13
2016-06-10,27,17,多云~雷阵雨,西北风~东北风,4-5级,22.0,10
2016-06-11,26,17,雷阵雨~多云,西北风~东北风,4-5级,21.5,9
2016-06-12,29,16,晴,西北风~东北风,4-5级,22.5,13
2016-06-13,30,17,晴~多云,西北风~东北风,4-5级,23.5,13
2016-06-14,24,17,大雨,西北风~东北风,4-5级,20.5,7
2016-06-15,24,17,小雨~多云,西北风~东北风,4-5级,20.5,7
2016-06-16,28,18,晴,西北风~东北风,4-5级,23.0,10
2016-06-17,30,19,晴~多云,西北风~东北风,4-5级,24.5,11
2016-06-18,28,19,雷阵雨~多云,西北风~东北风,4-5级,23.5,9
2016-06-19,29,19,多云~晴,西北风~东北风,4-5级,24.0,10
2016-06-20,30,20,多云,西北风~东北风,4-5级,25.0,10
2016-06-21,25,19,多云,西北风~东北风,4-5级,22.0,6
2016-06-22,26,19,多云,西北风~东北风,4-5级,22.5,7
2016-06-23,24,19,雷阵雨,西北风~东北风,4-5级,21.5,5
2016-06-24,29,17,多云~晴,西北风~东北风,4-5级,23.0,12
2016-06-25,30,18,晴,西北风~东北风,4-5级,24.0,12
2016-06-26,31,20,晴,西北风~东北风,4-5级,25.5,11
2016-06-27,29,20,晴~多云,西北风~东北风,4-5级,24.5,9
2016-06-28,29,19,多云~阴,西北风~东北风,4-5级,24.0,10
2016-06-29,27,20,多云~阵雨,西北风~东北风,4-5级,23.5,7
2016-06-30,28,20,雷阵雨,西北风~东北风,4-5级,24.0,8
2016-05-01,26,14,多云,西北风~东北风,4-5级,20.0,12
2016-05-02,21,12,小到中雨~中雨,西北风~东北风,4-5级,16.5,9
2016-05-03,13,9,大到暴雨~多云,西北风~东北风,4-5级,11.0,4
2016-05-04,22,12,晴~多云,西北风~东北风,4-5级,17.0,10
2016-05-05,23,12,晴~多云,西北风~东北风,4-5级,17.5,11
2016-05-06,21,11,多云~晴,西北风~东北风,4-5级,16.0,10
2016-05-07,23,11,晴,西北风~东北风,4-5级,17.0,12
2016-05-08,24,10,晴,西北风~东北风,4-5级,17.0,14
2016-05-09,22,9,多云,西北风~东北风,4-5级,15.5,13
2016-05-10,26,10,晴,西北风~东北风,4-5级,18.0,16
2016-05-11,25,12,多云~小雨,西北风~东北风,4-5级,18.5,13
2016-05-12,20,9,中雨~阵雨,西北风~东北风,4-5级,14.5,11
2016-05-13,23,7,晴,西北风~东北风,4-5级,15.0,16
2016-05-14,19,8,阴~中雨,西北风~东北风,4-5级,13.5,11
2016-05-15,16,9,小雨~多云,西北风~东北风,4-5级,12.5,7
2016-05-16,24,10,晴,西北风~东北风,4-5级,17.0,14
2016-05-17,27,13,晴,西北风~东北风,4-5级,20.0,14
2016-05-18,27,13,晴,西北风~东北风,4-5级,20.0,14
2016-05-19,26,12,晴,西北风~东北风,4-5级,19.0,14
2016-05-20,26,12,晴,西北风~东北风,4-5级,19.0,14
2016-05-21,28,13,晴,西北风~东北风,4-5级,20.5,15
2016-05-22,29,15,多云,西北风~东北风,4-5级,22.0,14
2016-05-23,19,11,小雨,西北风~东北风,4-5级,15.0,8
2016-05-24,24,12,多云,西北风~东北风,4-5级,18.0,12
2016-05-25,24,15,多云,西北风~东北风,4-5级,19.5,9
2016-05-26,27,16,晴,西北风~东北风,4-5级,21.5,11
2016-05-27,28,13,晴,西北风~东北风,4-5级,20.5,15
2016-05-28,28,14,晴,西北风~东北风,4-5级,21.0,14
2016-05-29,26,14,晴~多云,西北风~东北风,4-5级,20.0,12
2016-05-30,28,13,多云,西北风~东北风,4-5级,20.5,15
2016-05-31,26,15,晴,西北风~东北风,4-5级,20.5,11
2016-04-01,14,3,小雨~阴,西北风~东北风,4-5级,8.5,11
2016-04-02,14,5,小雨~多云,西北风~东北风,4-5级,9.5,9
2016-04-03,17,4,晴,西北风~东北风,4-5级,10.5,13
2016-04-04,18,4,晴,西北风~东北风,4-5级,11.0,14
2016-04-05,18,6,晴,西北风~东北风,4-5级,12.0,12
2016-04-06,18,7,多云,西北风~东北风,4-5级,12.5,11
2016-04-07,16,4,晴,西北风~东北风,4-5级,10.0,12
2016-04-08,20,5,晴,西北风~东北风,4-5级,12.5,15
2016-04-09,18,5,晴,西北风~东北风,4-5级,11.5,13
2016-04-10,16,3,晴,西北风~东北风,4-5级,9.5,13
2016-04-11,14,5,多云,西北风~东北风,4-5级,9.5,9
2016-04-12,15,7,阴,西北风~东北风,4-5级,11.0,8
2016-04-13,19,8,多云~晴,西北风~东北风,4-5级,13.5,11
2016-04-14,19,7,晴,西北风~东北风,4-5级,13.0,12
2016-04-15,20,8,多云,西北风~东北风,4-5级,14.0,12
2016-04-16,15,7,中雨~阴,西北风~东北风,4-5级,11.0,8
2016-04-17,15,5,晴,西北风~东北风,4-5级,10.0,10
2016-04-18,13,7,阴~晴,西北风~东北风,4-5级,10.0,6
2016-04-19,17,6,多云~小雨,西北风~东北风,4-5级,11.5,11
2016-04-20,15,6,小雨~多云,西北风~东北风,4-5级,10.5,9
2016-04-21,20,6,晴,西北风~东北风,4-5级,13.0,14
2016-04-22,19,6,晴,西北风~东北风,4-5级,12.5,13
2016-04-23,20,8,晴,西北风~东北风,4-5级,14.0,12
2016-04-24,20,7,晴,西北风~东北风,4-5级,13.5,13
2016-04-25,20,9,晴,西北风~东北风,4-5级,14.5,11
2016-04-26,20,9,多云,西北风~东北风,4-5级,14.5,11
2016-04-27,23,9,多云~晴,西北风~东北风,4-5级,16.0,14
2016-04-28,23,12,晴,西北风~东北风,4-5级,17.5,11
2016-04-29,23,12,多云,西北风~东北风,4-5级,17.5,11
2016-04-30,24,15,晴,西北风~东北风,4-5级,19.5,9
2016-03-01,6,-5,晴,西北风~东北风,4-5级,0.5,11
2016-03-02,9,-2,晴,西北风~东北风,4-5级,3.5,11
2016-03-03,11,0,晴,西北风~东北风,4-5级,5.5,11
2016-03-04,8,1,阴~小雨,西北风~东北风,4-5级,4.5,7
2016-03-05,8,1,小雨~晴,西北风~东北风,4-5级,4.5,7
2016-03-06,10,0,晴~多云,西北风~东北风,4-5级,5.0,10
2016-03-07,10,-2,多云~晴,西北风~东北风,4-5级,4.0,12
2016-03-08,1,-5,晴,西北风~东北风,4-5级,-2.0,6
2016-03-09,2,-7,晴~多云,西北风~东北风,4-5级,-2.5,9
2016-03-10,2,-6,晴,西北风~东北风,4-5级,-2.0,8
2016-03-11,4,-4,晴,西北风~东北风,4-5级,0.0,8
2016-03-12,8,-3,阴~雨夹雪,西北风~东北风,4-5级,2.5,11
2016-03-13,6,-3,雨夹雪~晴,西北风~东北风,4-5级,1.5,9
2016-03-14,10,0,晴,西北风~东北风,4-5级,5.0,10
2016-03-15,11,0,多云,西北风~东北风,4-5级,5.5,11
2016-03-16,14,1,晴~多云,西北风~东北风,4-5级,7.5,13
2016-03-17,13,2,多云,西北风~东北风,4-5级,7.5,11
2016-03-18,15,2,晴,西北风~东北风,4-5级,8.5,13
2016-03-19,12,1,晴,西北风~东北风,4-5级,6.5,11
2016-03-20,14,0,晴,西北风~东北风,4-5级,7.0,14
2016-03-21,15,1,晴~多云,西北风~东北风,4-5级,8.0,14
2016-03-22,12,0,多云,西北风~东北风,4-5级,6.0,12
2016-03-23,7,-3,晴,西北风~东北风,4-5级,2.0,10
2016-03-24,9,0,晴,西北风~东北风,4-5级,4.5,9
2016-03-25,11,0,晴,西北风~东北风,4-5级,5.5,11
2016-03-26,13,1,晴,西北风~东北风,4-5级,7.0,12
2016-03-27,16,2,晴,西北风~东北风,4-5级,9.0,14
2016-03-28,18,2,多云,西北风~东北风,4-5级,10.0,16
2016-03-29,17,1,晴,西北风~东北风,4-5级,9.0,16
2016-03-30,18,4,晴,西北风~东北风,4-5级,11.0,14
2016-03-31,22,3,多云~晴,西北风~东北风,4-5级,12.5,19
2016-02-01,-3,-13,晴,西北风~东北风,4-5级,-8.0,10
2016-02-02,2,-10,晴,西北风~东北风,4-5级,-4.0,12
2016-02-03,3,-13,晴,西北风~东北风,4-5级,-5.0,16
2016-02-04,-1,-13,多云,西北风~东北风,4-5级,-7.0,12
2016-02-05,-1,-11,晴,西北风~东北风,4-5级,-6.0,10
2016-02-06,2,-10,晴,西北风~东北风,4-5级,-4.0,12
2016-02-07,3,-2,多云,西北风~东北风,4-5级,0.5,5
2016-02-08,4,-8,多云~晴,西北风~东北风,4-5级,-2.0,12
2016-02-09,5,-4,晴,西北风~东北风,4-5级,0.5,9
2016-02-10,8,-3,晴~多云,西北风~东北风,4-5级,2.5,11
2016-02-11,8,-2,小雨,西北风~东北风,4-5级,3.0,10
2016-02-12,6,0,多云~小雨,西北风~东北风,4-5级,3.0,6
2016-02-13,0,-11,暴雪~小雪,西北风~东北风,4-5级,-5.5,11
2016-02-14,-7,-12,多云~晴,西北风~东北风,4-5级,-9.5,5
2016-02-15,-1,-10,晴,西北风~东北风,4-5级,-5.5,9
2016-02-16,3,-5,晴,西北风~东北风,4-5级,-1.0,8
2016-02-17,6,-6,晴,西北风~东北风,4-5级,0.0,12
2016-02-18,6,-4,晴,西北风~东北风,4-5级,1.0,10
2016-02-19,5,-6,多云,西北风~东北风,4-5级,-0.5,11
2016-02-20,1,-8,晴,西北风~东北风,4-5级,-3.5,9
2016-02-21,2,-5,晴~多云,西北风~东北风,4-5级,-1.5,7
2016-02-22,2,-7,晴~多云,西北风~东北风,4-5级,-2.5,9
2016-02-23,0,-10,晴,西北风~东北风,4-5级,-5.0,10
2016-02-24,2,-7,晴,西北风~东北风,4-5级,-2.5,9
2016-02-25,2,-8,晴,西北风~东北风,4-5级,-3.0,10
2016-02-26,3,-7,晴~多云,西北风~东北风,4-5级,-2.0,10
2016-02-27,4,-8,多云~晴,西北风~东北风,4-5级,-2.0,12
2016-02-28,2,-7,多云~晴,西北风~东北风,4-5级,-2.5,9
2016-02-29,-3,-7,晴,西北风~东北风,4-5级,-5.0,4
2016-01-01,6,-2,晴,西北风~东北风,4-5级,2.0,8
2016-01-02,6,-7,晴,西北风~东北风,4-5级,-0.5,13
2016-01-03,1,-7,晴,西北风~东北风,4-5级,-3.0,8
2016-01-04,0,-12,晴,西北风~东北风,4-5级,-6.0,12
2016-01-05,0,-10,晴,西北风~东北风,4-5级,-5.0,10
2016-01-06,-1,-11,晴,西北风~东北风,4-5级,-6.0,10
2016-01-07,-2,-12,晴,西北风~东北风,4-5级,-7.0,10
2016-01-08,-1,-11,晴,西北风~东北风,4-5级,-6.0,10
2016-01-09,1,-11,晴,西北风~东北风,4-5级,-5.0,12
2016-01-10,-2,-15,晴,西北风~东北风,4-5级,-8.5,13
2016-01-11,-4,-13,晴,西北风~东北风,4-5级,-8.5,9
2016-01-12,-4,-13,晴,西北风~东北风,4-5级,-8.5,9
2016-01-13,-3,-11,晴,西北风~东北风,4-5级,-7.0,8
2016-01-14,1,-11,晴,西北风~东北风,4-5级,-5.0,12
2016-01-15,2,-14,晴,西北风~东北风,4-5级,-6.0,16
2016-01-16,2,-9,多云,西北风~东北风,4-5级,-3.5,11
2016-01-17,-7,-16,小雪~多云,西北风~东北风,4-5级,-11.5,9
2016-01-18,-10,-16,多云,西北风~东北风,4-5级,-13.0,6
2016-01-19,-10,-18,晴,西北风~东北风,4-5级,-14.0,8
2016-01-20,-7,-16,晴,西北风~东北风,4-5级,-11.5,9
2016-01-21,-5,-14,晴,西北风~东北风,4-5级,-9.5,9
2016-01-22,-9,-18,多云,西北风~东北风,4-5级,-13.5,9
2016-01-23,-14,-21,小雪,西北风~东北风,4-5级,-17.5,7
2016-01-24,-11,-17,多云~晴,西北风~东北风,4-5级,-14.0,6
2016-01-25,-1,-11,晴,西北风~东北风,4-5级,-6.0,10
2016-01-26,-1,-14,晴,西北风~东北风,4-5级,-7.5,13
2016-01-27,2,-11,晴,西北风~东北风,4-5级,-4.5,13
2016-01-28,2,-10,晴,西北风~东北风,4-5级,-4.0,12
2016-01-29,-2,-13,晴,西北风~东北风,4-5级,-7.5,11
2016-01-30,-6,-12,多云,西北风~东北风,4-5级,-9.0,6
2016-01-31,-6,-12,晴,西北风~东北风,4-5级,-9.0,6
2015-12-01,3,-3,晴~多云,西北风~东北风,4-5级,0.0,6
2015-12-02,7,-1,雨夹雪,西北风~东北风,4-5级,3.0,8
2015-12-03,0,-5,多云,西北风~东北风,4-5级,-2.5,5
2015-12-04,-1,-5,多云,西北风~东北风,4-5级,-3.0,4
2015-12-05,3,-7,晴,西北风~东北风,4-5级,-2.0,10
2015-12-06,4,-8,晴,西北风~东北风,4-5级,-2.0,12
2015-12-07,6,-3,多云,西北风~东北风,4-5级,1.5,9
2015-12-08,6,-4,多云,西北风~东北风,4-5级,1.0,10
2015-12-09,8,2,多云~阴,西北风~东北风,4-5级,5.0,6
2015-12-10,8,0,多云~雨夹雪,西北风~东北风,4-5级,4.0,8
2015-12-11,6,-4,小雨~晴,西北风~东北风,4-5级,1.0,10
2015-12-12,2,-7,晴,西北风~东北风,4-5级,-2.5,9
2015-12-13,4,-4,多云,西北风~东北风,4-5级,0.0,8
2015-12-14,5,-4,多云,西北风~东北风,4-5级,0.5,9
2015-12-15,2,-7,晴,西北风~东北风,4-5级,-2.5,9
2015-12-16,3,-6,晴~多云,西北风~东北风,4-5级,-1.5,9
2015-12-17,0,-6,晴,西北风~东北风,4-5级,-3.0,6
2015-12-18,0,-7,晴,西北风~东北风,4-5级,-3.5,7
2015-12-19,3,-9,晴,西北风~东北风,4-5级,-3.0,12
2015-12-20,5,-8,晴~多云,西北风~东北风,4-5级,-1.5,13
2015-12-21,6,-4,晴,西北风~东北风,4-5级,1.0,10
2015-12-22,6,-4,晴,西北风~东北风,4-5级,1.0,10
2015-12-23,4,-3,多云,西北风~东北风,4-5级,0.5,7
2015-12-24,5,-6,多云~晴,西北风~东北风,4-5级,-0.5,11
2015-12-25,4,-4,多云~晴,西北风~东北风,4-5级,0.0,8
2015-12-26,-3,-13,晴,西北风~东北风,4-5级,-8.0,10
2015-12-27,-4,-10,晴~多云,西北风~东北风,4-5级,-7.0,6
2015-12-28,0,-8,晴,西北风~东北风,4-5级,-4.0,8
2015-12-29,4,-2,多云~小雪,西北风~东北风,4-5级,1.0,6
2015-12-30,1,-6,小雪~多云,西北风~东北风,4-5级,-2.5,7
2015-12-31,2,-5,晴,西北风~东北风,4-5级,-1.5,7
2015-11-01,13,0,晴~多云,西北风~东北风,4-5级,6.5,13
2015-11-02,14,1,多云~晴,西北风~东北风,4-5级,7.5,13
2015-11-03,18,4,晴,西北风~东北风,4-5级,11.0,14
2015-11-04,17,6,晴,西北风~东北风,4-5级,11.5,11
2015-11-05,10,2,阴,西北风~东北风,4-5级,6.0,8
2015-11-06,8,0,中雨,西北风~东北风,4-5级,4.0,8
2015-11-07,5,-3,小雨,西北风~东北风,4-5级,1.0,8
2015-11-08,7,-1,小雨~多云,西北风~东北风,4-5级,3.0,8
2015-11-09,5,-1,多云,西北风~东北风,4-5级,2.0,6
2015-11-10,6,-2,晴,西北风~东北风,4-5级,2.0,8
2015-11-11,8,-2,晴,西北风~东北风,4-5级,3.0,10
2015-11-12,11,7,多云,西北风~东北风,4-5级,9.0,4
2015-11-13,12,4,小雨~多云,西北风~东北风,4-5级,8.0,8
2015-11-14,12,4,小雨~多云,西北风~东北风,4-5级,8.0,8
2015-11-15,13,5,多云,西北风~东北风,4-5级,9.0,8
2015-11-16,13,2,多云~小雨,西北风~东北风,4-5级,7.5,11
2015-11-17,6,-2,晴~多云,西北风~东北风,4-5级,2.0,8
2015-11-18,6,-2,晴,西北风~东北风,4-5级,2.0,8
2015-11-19,5,-4,多云~晴,西北风~东北风,4-5级,0.5,9
2015-11-20,3,-5,多云,西北风~东北风,4-5级,-1.0,8
2015-11-21,2,-5,多云,西北风~东北风,4-5级,-1.5,7
2015-11-22,0,-3,雨夹雪,西北风~东北风,4-5级,-1.5,3
2015-11-23,-3,-9,多云,西北风~东北风,4-5级,-6.0,6
2015-11-24,-4,-10,多云,西北风~东北风,4-5级,-7.0,6
2015-11-25,-8,-11,多云~阴,西北风~东北风,4-5级,-9.5,3
2015-11-26,-8,-12,多云~阴,西北风~东北风,4-5级,-10.0,4
2015-11-27,-7,-11,多云,西北风~东北风,4-5级,-9.0,4
2015-11-28,4,-6,多云~阴,西北风~东北风,4-5级,-1.0,10
2015-11-29,3,-5,多云~晴,西北风~东北风,4-5级,-1.0,8
2015-11-30,2,-3,晴~多云,西北风~东北风,4-5级,-0.5,5
2015-10-01,23,13,多云~中雨,西北风~东北风,4-5级,18.0,10
2015-10-02,17,10,小雨~晴,西北风~东北风,4-5级,13.5,7
2015-10-03,23,7,晴,西北风~东北风,4-5级,15.0,16
2015-10-04,22,10,晴,西北风~东北风,4-5级,16.0,12
2015-10-05,25,13,晴,西北风~东北风,4-5级,19.0,12
2015-10-06,25,14,晴,西北风~东北风,4-5级,19.5,11
2015-10-07,23,12,多云~小雨,西北风~东北风,4-5级,17.5,11
2015-10-08,18,8,小雨~晴,西北风~东北风,4-5级,13.0,10
2015-10-09,16,7,阵雨~晴,西北风~东北风,4-5级,11.5,9
2015-10-10,15,6,多云,西北风~东北风,4-5级,10.5,9
2015-10-11,15,5,多云~阵雨,西北风~东北风,4-5级,10.0,10
2015-10-12,19,7,晴,西北风~东北风,4-5级,13.0,12
2015-10-13,19,8,晴,西北风~东北风,4-5级,13.5,11
2015-10-14,22,10,多云,西北风~东北风,4-5级,16.0,12
2015-10-15,23,9,阵雨~多云,西北风~东北风,4-5级,16.0,14
2015-10-16,23,12,阴~多云,西北风~东北风,4-5级,17.5,11
2015-10-17,23,7,多云,西北风~东北风,4-5级,15.0,16
2015-10-18,22,9,晴~多云,西北风~东北风,4-5级,15.5,13
2015-10-19,20,8,晴,西北风~东北风,4-5级,14.0,12
2015-10-20,18,10,多云,西北风~东北风,4-5级,14.0,8
2015-10-21,18,10,多云~阴,西北风~东北风,4-5级,14.0,8
2015-10-22,14,9,多云~小雨,西北风~东北风,4-5级,11.5,5
2015-10-23,14,7,多云~小雨,西北风~东北风,4-5级,10.5,7
2015-10-24,12,3,晴,西北风~东北风,4-5级,7.5,9
2015-10-25,14,5,晴~多云,西北风~东北风,4-5级,9.5,9
2015-10-26,15,5,晴~多云,西北风~东北风,4-5级,10.0,10
2015-10-27,16,2,小雨,西北风~东北风,4-5级,9.0,14
2015-10-28,14,4,晴,西北风~东北风,4-5级,9.0,10
2015-10-29,10,1,晴,西北风~东北风,4-5级,5.5,9
2015-10-30,12,1,晴,西北风~东北风,4-5级,6.5,11
2015-10-31,10,-2,晴,西北风~东北风,4-5级,4.0,12
2015-09-01,27,18,雷阵雨,西北风~东北风,4-5级,22.5,9
2015-09-02,27,18,阴~雷阵雨,西北风~东北风,4-5级,22.5,9
2015-09-03,28,19,雷阵雨~晴,西北风~东北风,4-5级,23.5,9
2015-09-04,29,18,多云,西北风~东北风,4-5级,23.5,11
2015-09-05,27,18,多云,西北风~东北风,4-5级,22.5,9
2015-09-06,27,18,多云~晴,西北风~东北风,4-5级,22.5,9
2015-09-07,27,16,晴,西北风~东北风,4-5级,21.5,11
2015-09-08,28,16,晴,西北风~东北风,4-5级,22.0,12
2015-09-09,28,16,多云,西北风~东北风,4-5级,22.0,12
2015-09-10,26,16,晴~多云,西北风~东北风,4-5级,21.0,10
2015-09-11,23,13,阴~多云,西北风~东北风,4-5级,18.0,10
2015-09-12,24,13,多云,西北风~东北风,4-5级,18.5,11
2015-09-13,24,13,多云~晴,西北风~东北风,4-5级,18.5,11
2015-09-14,27,15,晴,西北风~东北风,4-5级,21.0,12
2015-09-15,28,16,晴~多云,西北风~东北风,4-5级,22.0,12
2015-09-16,27,15,多云~晴,西北风~东北风,4-5级,21.0,12
2015-09-17,27,16,晴,西北风~东北风,4-5级,21.5,11
2015-09-18,27,15,雷阵雨,西北风~东北风,4-5级,21.0,12
2015-09-19,27,16,多云~雷阵雨,西北风~东北风,4-5级,21.5,11
2015-09-20,27,14,晴,西北风~东北风,4-5级,20.5,13
2015-09-21,27,14,晴,西北风~东北风,4-5级,20.5,13
2015-09-22,28,14,晴,西北风~东北风,4-5级,21.0,14
2015-09-23,27,16,晴~多云,西北风~东北风,4-5级,21.5,11
2015-09-24,27,14,晴,西北风~东北风,4-5级,20.5,13
2015-09-25,27,14,多云,西北风~东北风,4-5级,20.5,13
2015-09-26,26,12,晴,西北风~东北风,4-5级,19.0,14
2015-09-27,27,12,晴,西北风~东北风,4-5级,19.5,15
2015-09-28,26,13,晴~多云,西北风~东北风,4-5级,19.5,13
2015-09-29,23,12,多云~晴,西北风~东北风,4-5级,17.5,11
2015-09-30,22,11,晴~多云,西北风~东北风,4-5级,16.5,11
2015-08-01,30,24,雷阵雨~多云,西北风~东北风,4-5级,27.0,6
2015-08-02,30,23,阵雨~大雨,西北风~东北风,4-5级,26.5,7
2015-08-03,27,22,中到大雨~大到暴雨,西北风~东北风,4-5级,24.5,5
2015-08-04,29,23,阵雨~晴,西北风~东北风,4-5级,26.0,6
2015-08-05,30,23,多云,西北风~东北风,4-5级,26.5,7
2015-08-06,30,23,多云~阴,西北风~东北风,4-5级,26.5,7
2015-08-07,27,23,小雨~雷阵雨,西北风~东北风,4-5级,25.0,4
2015-08-08,29,22,多云,西北风~东北风,4-5级,25.5,7
2015-08-09,30,22,晴,西北风~东北风,4-5级,26.0,8
2015-08-10,31,22,晴,西北风~东北风,4-5级,26.5,9
2015-08-11,34,22,晴,西北风~东北风,4-5级,28.0,12
2015-08-12,34,20,晴,西北风~东北风,4-5级,27.0,14
2015-08-13,32,21,晴,西北风~东北风,4-5级,26.5,11
2015-08-14,32,22,多云~雷阵雨,西北风~东北风,4-5级,27.0,10
2015-08-15,29,23,雷阵雨~多云,西北风~东北风,4-5级,26.0,6
2015-08-16,31,23,晴,西北风~东北风,4-5级,27.0,8
2015-08-17,31,21,晴,西北风~东北风,4-5级,26.0,10
2015-08-18,31,22,晴~多云,西北风~东北风,4-5级,26.5,9
2015-08-19,30,22,晴~多云,西北风~东北风,4-5级,26.0,8
2015-08-20,28,22,雷阵雨~多云,西北风~东北风,4-5级,25.0,6
2015-08-21,28,20,雷阵雨~多云,西北风~东北风,4-5级,24.0,8
2015-08-22,28,19,晴~多云,西北风~东北风,4-5级,23.5,9
2015-08-23,29,19,多云~晴,西北风~东北风,4-5级,24.0,10
2015-08-24,29,20,多云~小雨,西北风~东北风,4-5级,24.5,9
2015-08-25,27,18,雷阵雨~多云,西北风~东北风,4-5级,22.5,9
2015-08-26,27,19,多云,西北风~东北风,4-5级,23.0,8
2015-08-27,29,20,晴~多云,西北风~东北风,4-5级,24.5,9
2015-08-28,29,18,晴~多云,西北风~东北风,4-5级,23.5,11
2015-08-29,28,18,晴~多云,西北风~东北风,4-5级,23.0,10
2015-08-30,28,18,晴,西北风~东北风,4-5级,23.0,10
2015-08-31,28,18,多云~阴,西北风~东北风,4-5级,23.0,10
2015-07-01,28,18,晴,西北风~东北风,4-5级,23.0,10
2015-07-02,29,17,晴,西北风~东北风,4-5级,23.0,12
2015-07-03,29,18,晴,西北风~东北风,4-5级,23.5,11
2015-07-04,29,18,晴~多云,西北风~东北风,4-5级,23.5,11
2015-07-05,27,18,小雨~晴,西北风~东北风,4-5级,22.5,9
2015-07-06,30,17,晴,西北风~东北风,4-5级,23.5,13
2015-07-07,30,19,晴,西北风~东北风,4-5级,24.5,11
2015-07-08,31,18,晴,西北风~东北风,4-5级,24.5,13
2015-07-09,30,18,晴~多云,西北风~东北风,4-5级,24.0,12
2015-07-10,28,19,小雨~多云,西北风~东北风,4-5级,23.5,9
2015-07-11,29,21,多云,西北风~东北风,4-5级,25.0,8
2015-07-12,28,22,中雨~小雨,西北风~东北风,4-5级,25.0,6
2015-07-13,33,22,晴,西北风~东北风,4-5级,27.5,11
2015-07-14,35,22,晴,西北风~东北风,4-5级,28.5,13
2015-07-15,34,21,晴,西北风~东北风,4-5级,27.5,13
2015-07-16,28,20,阴,西北风~东北风,4-5级,24.0,8
2015-07-17,29,21,晴,西北风~东北风,4-5级,25.0,8
2015-07-18,30,20,晴,西北风~东北风,4-5级,25.0,10
2015-07-19,29,20,晴~多云,西北风~东北风,4-5级,24.5,9
2015-07-20,28,20,阵雨~多云,西北风~东北风,4-5级,24.0,8
2015-07-21,29,21,多云,西北风~东北风,4-5级,25.0,8
2015-07-22,29,21,多云,西北风~东北风,4-5级,25.0,8
2015-07-23,27,22,雷阵雨~阴,西北风~东北风,4-5级,24.5,5
2015-07-24,29,23,雷阵雨~多云,西北风~东北风,4-5级,26.0,6
2015-07-25,29,23,阵雨~多云,西北风~东北风,4-5级,26.0,6
2015-07-26,31,23,多云~晴,西北风~东北风,4-5级,27.0,8
2015-07-27,32,23,晴,西北风~东北风,4-5级,27.5,9
2015-07-28,30,23,雷阵雨,西北风~东北风,4-5级,26.5,7
2015-07-29,31,23,阵雨~雷阵雨,西北风~东北风,4-5级,27.0,8
2015-07-30,27,23,中到大雨~雷阵雨,西北风~东北风,4-5级,25.0,4
2015-07-31,30,23,雷阵雨~多云,西北风~东北风,4-5级,26.5,7
2015-06-01,29,15,雷雨~阴,西北风~东北风,4-5级,22.0,14
2015-06-02,28,16,雷雨,西北风~东北风,4-5级,22.0,12
2015-06-03,27,16,小雨~晴,西北风~东北风,4-5级,21.5,11
2015-06-04,29,15,晴,西北风~东北风,4-5级,22.0,14
2015-06-05,26,14,多云~晴,西北风~东北风,4-5级,20.0,12
2015-06-06,26,17,多云~晴,西北风~东北风,4-5级,21.5,9
2015-06-07,28,17,晴~雷雨,西北风~东北风,4-5级,22.5,11
2015-06-08,27,16,多云~雷雨,西北风~东北风,4-5级,21.5,11
2015-06-09,25,15,多云~晴,西北风~东北风,4-5级,20.0,10
2015-06-10,27,17,晴~雷雨,西北风~东北风,4-5级,22.0,10
2015-06-11,24,16,雷雨,西北风~东北风,4-5级,20.0,8
2015-06-12,27,17,多云,西北风~东北风,4-5级,22.0,10
2015-06-13,26,15,雷雨~晴,西北风~东北风,4-5级,20.5,11
2015-06-14,28,17,多云~晴,西北风~东北风,4-5级,22.5,11
2015-06-15,28,17,晴,西北风~东北风,4-5级,22.5,11
2015-06-16,29,18,多云,西北风~东北风,4-5级,23.5,11
2015-06-17,29,17,晴,西北风~东北风,4-5级,23.0,12
2015-06-18,30,17,晴~多云,西北风~东北风,4-5级,23.5,13
2015-06-19,27,18,雷雨,西北风~东北风,4-5级,22.5,9
2015-06-20,27,17,雷雨,西北风~东北风,4-5级,22.0,10
2015-06-21,28,17,多云~晴,西北风~东北风,4-5级,22.5,11
2015-06-22,30,19,晴,西北风~东北风,4-5级,24.5,11
2015-06-23,29,18,晴,西北风~东北风,4-5级,23.5,11
2015-06-24,28,19,晴~多云,西北风~东北风,4-5级,23.5,9
2015-06-25,27,19,多云,西北风~东北风,4-5级,23.0,8
2015-06-26,26,18,小雨~多云,西北风~东北风,4-5级,22.0,8
2015-06-27,28,18,小雨~晴,西北风~东北风,4-5级,23.0,10
2015-06-28,31,20,晴,西北风~东北风,4-5级,25.5,11
2015-06-29,27,19,阴~小雨,西北风~东北风,4-5级,23.0,8
2015-06-30,27,18,多云~晴,西北风~东北风,4-5级,22.5,9
2015-05-01,26,10,晴,南风,4-5级,18.0,16
2015-05-02,17,11,多云转小雨,东南风,4-5级,14.0,6
2015-05-03,23,10,多云,东南风~西北风,4-5级,16.5,13
2015-05-04,22,10,晴,西北风,5-6级,16.0,12
2015-05-05,24,10,晴,西南风~西北风,5-6级,17.0,14
2015-05-06,23,10,晴,东北风~东风,4-5级,16.5,13
2015-05-07,20,10,雷阵雨,东南风~西北风,4-5级,15.0,10
2015-05-08,17,11,雷雨~多云,西北风~东北风,4-5级,14.0,6
2015-05-09,17,11,雷雨~多云,西北风~东北风,4-5级,14.0,6
2015-05-10,17,11,雷雨~多云,西北风~东北风,4-5级,14.0,6
2015-05-11,17,11,雷雨~多云,西北风~东北风,4-5级,14.0,6
2015-05-12,17,11,雷雨~多云,西北风~东北风,4-5级,14.0,6
2015-05-13,17,11,多云,西北风~东北风,4-5级,14.0,6
2015-05-14,27,12,晴~多云,西北风~东北风,4-5级,19.5,15
2015-05-15,26,11,晴,西北风~东北风,4-5级,18.5,15
2015-05-16,27,14,晴,西北风~东北风,4-5级,20.5,13
2015-05-17,26,15,晴,西北风~东北风,4-5级,20.5,11
2015-05-18,25,13,多云~雷雨,西北风~东北风,4-5级,19.0,12
2015-05-19,25,12,晴,西北风~东北风,4-5级,18.5,13
2015-05-20,25,11,晴,西北风~东北风,4-5级,18.0,14
2015-05-21,28,13,晴,西北风~东北风,4-5级,20.5,15
2015-05-22,28,15,晴,西北风~东北风,4-5级,21.5,13
2015-05-23,30,18,多云,西北风~东北风,4-5级,24.0,12
2015-05-24,27,16,晴,西北风~东北风,4-5级,21.5,11
2015-05-25,27,15,晴,西北风~东北风,4-5级,21.0,12
2015-05-26,30,15,晴,西北风~东北风,4-5级,22.5,15
2015-05-27,30,16,晴,西北风~东北风,4-5级,23.0,14
2015-05-28,27,11,晴,西北风~东北风,4-5级,19.0,16
2015-05-29,22,13,晴,西北风~东北风,4-5级,17.5,9
2015-05-30,24,14,多云~阴,西北风~东北风,4-5级,19.0,10
2015-05-31,30,18,晴~多云,西北风~东北风,4-5级,24.0,12
2015-04-01,13,3,阴转多云,东北风~东风,5-6级~4-5级,8.0,10
2015-04-02,10,6,小雨转大到暴雨,东风~东南风,5-6级~6-7级,8.0,4
2015-04-03,14,3,多云转晴,北风,6-7级~5-6级,8.5,11
2015-04-04,14,3,晴转多云,北风~东南风,4-5级,8.5,11
2015-04-05,16,4,多云转晴,东风~西北风,4-5级,10.0,12
2015-04-06,8,1,晴,北风,6-7级,4.5,7
2015-04-07,9,-1,晴,北风,5-6级~4-5级,4.0,10
2015-04-08,13,-2,晴,北风~西南风,5-6级~4-5级,5.5,15
2015-04-09,13,2,多云,南风,5-6级,7.5,11
2015-04-10,17,2,晴,西南风,4-5级,9.5,15
2015-04-11,12,4,多云转小雨,西南风~东南风,4-5级~5-6级,8.0,8
2015-04-12,10,3,小到中雨转小雨,南风~东风,5-6级~6-7级,6.5,7
2015-04-13,15,3,阴转多云,东北风,6-7级,9.0,12
2015-04-14,19,5,晴,东北风~西风,4-5级,12.0,14
2015-04-15,20,6,晴转多云,西南风,4-5级~5-6级,13.0,14
2015-04-16,16,6,小雨转多云,北风~西北风,6-7级,11.0,10
2015-04-17,21,5,晴,西风~西南风,5-6级~4-5级,13.0,16
2015-04-18,17,7,晴,西南风~东南风,4-5级,12.0,10
2015-04-19,13,7,小雨,东南风~东北风,5-6级~6-7级,10.0,6
2015-04-20,20,7,多云转晴,北风,6-7级~5-6级,13.5,13
2015-04-21,21,8,晴转雷阵雨,西南风,4-5级~5-6级,14.5,13
2015-04-22,21,8,雷阵雨转晴,西北风~西南风,4-5级,14.5,13
2015-04-23,21,10,晴,西南风,6-7级,15.5,11
2015-04-24,22,8,晴,北风~西南风,4-5级~5-6级,15.0,14
2015-04-25,27,9,晴,西南风,5-6级,18.0,18
2015-04-26,26,11,晴,西南风,6-7级,18.5,15
2015-04-27,25,15,晴转多云,西南风~南风,6-7级,20.0,10
2015-04-28,20,10,晴转多云,南风~东南风,5-6级~4-5级,15.0,10
2015-04-29,27,10,多云转晴,东风~西北风,4-5级,18.5,17
2015-04-30,27,11,晴,南风,4-5级,19.0,16
2015-03-01,3,-4,阴转晴,西南风~西北风,4-5级~5-6级,-0.5,7
2015-03-02,10,-2,晴转阴,西南风,4-5级~5-6级,4.0,12
2015-03-03,4,-4,阴转多云,北风,6-7级,0.0,8
2015-03-04,2,-8,晴,北风,6-7级~5-6级,-3.0,10
2015-03-05,6,-7,晴,北风~西南风,4-5级,-0.5,13
2015-03-06,7,-4,晴,西南风~南风,4-5级,1.5,11
2015-03-07,11,-1,晴,西南风~南风,5-6级~4-5级,5.0,12
2015-03-08,8,-1,多云转雨夹雪,南风~北风,5-6级,3.5,9
2015-03-09,-1,-7,多云转晴,北风,6-7级,-4.0,6
2015-03-10,1,-8,晴,北风~西北风,6-7级~4-5级,-3.5,9
2015-03-11,2,-7,晴,西风~西北风,5-6级,-2.5,9
2015-03-12,6,-6,晴,西北风~西南风,5-6级~4-5级,0.0,12
2015-03-13,6,-5,晴,北风,4-5级,0.5,11
2015-03-14,8,-4,晴转多云,北风~南风,4-5级,2.0,12
2015-03-15,12,-2,多云转晴,南风~西南风,5-6级~4-5级,5.0,14
2015-03-16,13,1,晴转多云,南风,4-5级~5-6级,7.0,12
2015-03-17,11,1,小雨转多云,东南风~东北风,5-6级,6.0,10
2015-03-18,15,1,晴转多云,东北风,4-5级,8.0,14
2015-03-19,17,2,多云转晴,北风~西风,4-5级,9.5,15
2015-03-20,18,2,晴,北风~西风,4-5级,10.0,16
2015-03-21,17,3,晴,西南风~西北风,4-5级,10.0,14
2015-03-22,8,0,晴,西北风,5-6级,4.0,8
2015-03-23,12,-3,晴,西北风,5-6级,4.5,15
2015-03-24,14,-2,晴,北风~南风,4-5级,6.0,16
2015-03-25,16,-2,晴,南风,4-5级,7.0,18
2015-03-26,19,1,晴,南风,4-5级~5-6级,10.0,18
2015-03-27,18,4,晴,西南风,5-6级,11.0,14
2015-03-28,16,4,多云转阴,西南风,6-7级,10.0,12
2015-03-29,19,2,晴,南风~北风,4-5级,10.5,17
2015-03-30,19,4,晴,南风,5-6级,11.5,15
2015-03-31,11,4,多云转小雨,东南风~东北风,5-6级~6-7级,7.5,7
2015-02-01,4,-10,晴,西北风~西风,4-5级,-3.0,14
2015-02-02,4,-10,晴,西风,4-5级,-3.0,14
2015-02-03,4,-8,多云,西风~西北风,4-5级,-2.0,12
2015-02-04,-2,-8,多云转晴,西北风~北风,4-5级~5-6级,-5.0,6
2015-02-05,0,-9,晴,北风~西北风,5-6级,-4.5,9
2015-02-06,4,-6,晴转多云,西北风~西南风,5-6级~4-5级,-1.0,10
2015-02-07,0,-8,多云转晴,北风,6-7级,-4.0,8
2015-02-08,-5,-13,晴,北风,6-7级~5-6级,-9.0,8
2015-02-09,2,-12,晴,西北风~西风,5-6级,-5.0,14
2015-02-10,2,-12,晴,西北风~西风,5-6级,-5.0,14
2015-02-11,1,-8,晴,北风,4-5级~5-6级,-3.5,9
2015-02-12,0,-6,晴,北风~西南风,5-6级~4-5级,-3.0,6
2015-02-13,5,-8,晴,西南风,4-5级,-1.5,13
2015-02-14,9,-4,晴,西南风,5-6级,2.5,13
2015-02-15,5,-4,晴转多云,东北风,4-5级,0.5,9
2015-02-16,3,-2,小雨转小雪,东风~北风,4-5级~5-6级,0.5,5
2015-02-17,3,-5,多云转晴,北风,5-6级,-1.0,8
2015-02-18,2,-4,晴,北风,5-6级,-1.0,6
2015-02-19,5,-8,晴,北风,5-6级~4-5级,-1.5,13
2015-02-20,5,-5,晴转阴,南风,4-5级,0.0,10
2015-02-21,5,-1,雨夹雪,东南风~西北风,5-6级,2.0,6
2015-02-22,2,-5,多云转晴,西风,5-6级~4-5级,-1.5,7
2015-02-23,4,-5,晴,西北风,5-6级~4-5级,-0.5,9
2015-02-24,5,-6,晴转多云,西南风~东南风,4-5级~5-6级,-0.5,11
2015-02-25,3,-4,雨夹雪转中雪,东南风~北风,5-6级,-0.5,7
2015-02-26,-1,-8,多云转晴,北风,5-6级,-4.5,7
2015-02-27,1,-9,晴,北风,5-6级~4-5级,-4.0,10
2015-02-28,1,-7,多云转小雪,东北风~西南风,4-5级,-3.0,8
2015-01-01,-4,-11,多云转晴,北风,6-7级,-7.5,7
2015-01-02,-3,-11,晴,西北风,5-6级,-7.0,8
2015-01-03,3,-12,晴转多云,北风~西南风,4-5级~5-6级,-4.5,15
2015-01-04,7,-4,晴,西风~东南风,4-5级,1.5,11
2015-01-05,4,-4,多云转雨夹雪,东南风~北风,4-5级~6-7级,0.0,8
2015-01-06,-3,-10,多云转晴,北风,6-7级,-6.5,7
2015-01-07,-2,-11,晴,北风,5-6级,-6.5,9
2015-01-08,2,-10,晴,西北风~西风,4-5级,-4.0,12
2015-01-09,2,-9,晴,西风~西北风,4-5级,-3.5,11
2015-01-10,3,-9,晴,西北风~西风,4-5级~5-6级,-3.0,12
2015-01-11,-1,-10,多云转晴,北风,5-6级,-5.5,9
2015-01-12,2,-11,晴,北风~南风,4-5级,-4.5,13
2015-01-13,4,-9,晴转多云,南风,4-5级,-2.5,13
2015-01-14,4,-8,多云,南风~东北风,4-5级,-2.0,12
2015-01-15,1,-7,多云,西北风,4-5级,-3.0,8
2015-01-16,-5,-9,多云,北风,5-6级~6-7级,-7.0,4
2015-01-17,2,-11,晴,北风~西南风,5-6级~4-5级,-4.5,13
2015-01-18,2,-7,晴转多云,西南风,5-6级,-2.5,9
2015-01-19,-2,-9,多云转晴,西北风,5-6级~4-5级,-5.5,7
2015-01-20,6,-10,晴转多云,北风~南风,4-5级~5-6级,-2.0,16
2015-01-21,0,-6,大到暴雪,南风~北风,5-6级~6-7级,-3.0,6
2015-01-22,1,-11,多云转晴,北风,6-7级~5-6级,-5.0,12
2015-01-23,5,-9,晴,西北风~西南风,4-5级,-2.0,14
2015-01-24,2,-8,晴转多云,西南风~东北风,4-5级,-3.0,10
2015-01-25,4,-7,多云,东风~东北风,4-5级,-1.5,11
2015-01-26,0,-6,多云,东北风~北风,4-5级~5-6级,-3.0,6
2015-01-27,-5,-13,多云转晴,北风,5-6级,-9.0,8
2015-01-28,-3,-13,晴,北风,5-6级~4-5级,-8.0,10
2015-01-29,0,-13,晴转多云,北风~西风,4-5级,-6.5,13
2015-01-30,-3,-12,多云转晴,西北风~北风,5-6级,-7.5,9
2015-01-31,-1,-12,晴,北风~西北风,5-6级~4-5级,-6.5,11
2014-12-01,-1,-7,雨夹雪转小雪,北风,6-7级,-4.0,6
2014-12-02,-1,-9,多云转晴,西北风,6-7级~5-6级,-5.0,8
2014-12-03,-2,-7,多云,西北风,5-6级,-4.5,5
2014-12-04,-2,-9,小雪,西北风,5-6级,-5.5,7
2014-12-05,-2,-9,多云,西北风,5-6级,-5.5,7
2014-12-06,-2,-9,多云转晴,西北风,5-6级~4-5级,-5.5,7
2014-12-07,-2,-10,多云转小雪,北风~东风,4-5级,-6.0,8
2014-12-08,0,-8,阴转晴,东北风~北风,5-6级~4-5级,-4.0,8
2014-12-09,4,-10,晴,北风~南风,4-5级,-3.0,14
2014-12-10,3,-3,多云转雨夹雪,南风~西北风,4-5级~5-6级,0.0,6
2014-12-11,-1,-7,晴,西北风,6-7级~5-6级,-4.0,6
2014-12-12,-4,-10,晴转多云,西北风,4-5级~5-6级,-7.0,6
2014-12-13,0,-11,多云转晴,西北风,5-6级,-5.5,11
2014-12-14,3,-9,晴,西北风~西风,4-5级,-3.0,12
2014-12-15,4,-6,晴转雨夹雪,西南风~西北风,4-5级~6-7级,-1.0,10
2014-12-16,-4,-10,多云,西北风,6-7级,-7.0,6
2014-12-17,-3,-12,多云转晴,西北风,6-7级,-7.5,9
2014-12-18,2,-12,晴,西北风~南风,5-6级~4-5级,-5.0,14
2014-12-19,1,-7,多云,南风~西北风,5-6级,-3.0,8
2014-12-20,0,-7,多云转晴,西北风,5-6级,-3.5,7
2014-12-21,-3,-10,多云转晴,西北风,5-6级,-6.5,7
2014-12-22,4,-8,晴,西北风~西风,4-5级,-2.0,12
2014-12-23,6,-3,晴,西南风,4-5级,1.5,9
2014-12-24,1,-8,多云转晴,北风,5-6级,-3.5,9
2014-12-25,3,-9,晴,北风,5-6级~4-5级,-3.0,12
2014-12-26,5,-8,晴,北风~西南风,4-5级,-1.5,13
2014-12-27,7,-8,多云转晴,西南风,4-5级,-0.5,15
2014-12-28,6,-6,晴,西南风~西风,4-5级,0.0,12
2014-12-29,6,-5,霾转晴,西风~西南风,4-5级,0.5,11
2014-12-30,1,-6,晴,北风,5-6级,-2.5,7
2014-12-31,0,-9,小雪转多云,北风,5-6级~6-7级,-4.5,9
2014-11-01,17,8,多云,东北风~西北风,4-5级,12.5,9
2014-11-02,11,5,多云转晴,西北风,5-6级~6-7级,8.0,6
2014-11-03,15,0,晴,西北风,6-7级~5-6级,7.5,15
2014-11-04,17,6,晴,西南风,4-5级~5-6级,11.5,11
2014-11-05,17,8,晴,西南风,5-6级~4-5级,12.5,9
2014-11-06,10,2,多云转晴,北风,5-6级,6.0,8
2014-11-07,10,-3,晴,北风,5-6级,3.5,13
2014-11-08,12,-1,多云,西北风~西风,4-5级,5.5,13
2014-11-09,12,-1,多云,西北风~西风,4-5级,5.5,13
2014-11-10,12,-1,多云,西北风~西风,4-5级,5.5,13
2014-11-11,13,3,多云转阵雨,西南风~北风,4-5级~5-6级,8.0,10
2014-11-12,9,-1,多云,北风~西北风,6-7级,4.0,10
2014-11-13,7,-5,晴,西北风,6-7级~5-6级,1.0,12
2014-11-14,9,-3,晴,西北风,4-5级,3.0,12
2014-11-15,10,-4,晴转多云,西北风~西南风,4-5级,3.0,14
2014-11-16,8,1,小雨,西南风~西北风,4-5级,4.5,7
2014-11-17,7,-2,多云转晴,北风,5-6级,2.5,9
2014-11-18,11,-2,晴,西北风~西风,4-5级,4.5,13
2014-11-19,12,-2,晴转多云,西南风,4-5级~5-6级,5.0,14
2014-11-20,13,4,多云,西南风,5-6级,8.5,9
2014-11-21,13,1,多云,西南风~北风,5-6级~4-5级,7.0,12
2014-11-22,10,1,雾转晴,北风~东北风,4-5级,5.5,9
2014-11-23,9,-1,晴转阴,东风~东南风,4-5级,4.0,10
2014-11-24,8,2,阴转晴,东南风~东北风,4-5级~5-6级,5.0,6
2014-11-25,8,-3,晴转多云,北风,4-5级,2.5,11
2014-11-26,11,-1,晴,北风~西南风,4-5级,5.0,12
2014-11-27,10,-1,多云转阴,西南风~东北风,4-5级,4.5,11
2014-11-28,9,0,小雨,东北风~北风,4-5级,4.5,9
2014-11-29,10,-2,晴,西北风~南风,4-5级,4.0,12
2014-11-30,8,0,雨夹雪转小雨,东南风~西北风,4-5级~5-6级,4.0,8
2014-10-01,19,5,晴转多云,北风~南风,4-5级,12.0,14
2014-10-02,19,11,多云~小雨,南风~北风,4-5级~5-6级,15.0,8
2014-10-03,17,6,晴,北风,5-6级~4-5级,11.5,11
2014-10-04,15,8,晴转阵雨,北风~东南风,4-5级,11.5,7
2014-10-05,15,8,阵雨,东北风~北风,4-5级,11.5,7
2014-10-06,18,8,晴,北风,5-6级,13.0,10
2014-10-07,22,7,晴,西北风~西南风,4-5级,14.5,15
2014-10-08,22,6,晴,西南风~南风,4-5级,14.0,16
2014-10-09,24,10,晴,南风,4-5级,17.0,14
2014-10-10,23,11,晴,南风~东风,4-5级,17.0,12
2014-10-11,23,12,雾转晴,东南风,4-5级,17.5,11
2014-10-12,16,6,多云,北风,5-6级~6-7级,11.0,10
2014-10-13,13,5,晴,北风,6-7级,9.0,8
2014-10-14,17,2,晴,北风~西北风,5-6级~4-5级,9.5,15
2014-10-15,18,6,晴,西南风,4-5级~5-6级,12.0,12
2014-10-16,18,5,晴,西北风,5-6级,11.5,13
2014-10-17,21,9,晴,西南风,5-6级~4-5级,15.0,12
2014-10-18,22,10,晴,西南风~南风,4-5级,16.0,12
2014-10-19,20,13,雾转多云,南风,5-6级,16.5,7
2014-10-20,16,10,小雨转多云,南风~东北风,4-5级~5-6级,13.0,6
2014-10-21,14,6,多云转晴,东北风,6-7级,10.0,8
2014-10-22,17,2,晴,北风~西南风,5-6级~4-5级,9.5,15
2014-10-23,20,6,晴,南风,4-5级~5-6级,13.0,14
2014-10-24,20,11,晴,南风,5-6级,15.5,9
2014-10-25,21,13,晴转多云,南风~西南风,5-6级,17.0,8
2014-10-26,21,9,晴~多云,北风,6-7级,15.0,12
2014-10-27,10,1,晴,北风,6-7级~5-6级,5.5,9
2014-10-28,15,-2,晴,北风~南风,4-5级,6.5,17
2014-10-29,15,4,晴,南风~西南风,4-5级,9.5,11
2014-10-30,16,7,多云,南风~东南风,4-5级,11.5,9
2014-10-31,17,7,多云,东南风~东北风,4-5级,12.0,10
2014-09-01,30,18,多云转晴,东风~东南风,4-5级,24.0,12
2014-09-02,26,18,多云转雷阵雨,东南风~东风,4-5级,22.0,8
2014-09-03,24,18,雷阵雨,东北风,5-6级,21.0,6
2014-09-04,27,15,晴,西北风~西南风,4-5级~5-6级,21.0,12
2014-09-05,29,16,晴,西南风~南风,4-5级,22.5,13
2014-09-06,28,18,晴,南风,4-5级,23.0,10
2014-09-07,27,17,晴转多云,南风,4-5级,22.0,10
2014-09-08,25,18,阵雨转多云,南风~北风,4-5级~5-6级,21.5,7
2014-09-09,28,15,晴,北风,4-5级,21.5,13
2014-09-10,28,11,晴,北风,3-4级,19.5,17
2014-09-11,28,12,晴,东北风~东南风,4-5级,20.0,16
2014-09-12,27,14,晴,东北风~东南风,4-5级,20.5,13
2014-09-13,28,16,多云转晴,东北风~东南风,4-5级,22.0,12
2014-09-14,28,15,晴~多云,东南风~东北风,4-5级,21.5,13
2014-09-15,24,15,多云转晴,北风,4-5级,19.5,9
2014-09-16,26,12,晴,西北风~西南风,4-5级,19.0,14
2014-09-17,24,12,阴转多云,西北风~西风,4-5级,18.0,12
2014-09-18,28,12,晴,西北风~西南风,4-5级,20.0,16
2014-09-19,27,10,晴,西南风,4-5级,18.5,17
2014-09-20,23,11,晴转阵雨,南风,4-5级,17.0,12
2014-09-21,24,11,雷阵雨转晴,东南风~东北风,4-5级,17.5,13
2014-09-22,25,11,晴,东风,4-5级,18.0,14
2014-09-23,25,13,晴~多云,东南风~东北风,4-5级,19.0,12
2014-09-24,23,15,阵雨转晴,北风,5-6级,19.0,8
2014-09-25,25,10,晴,北风~西北风,5-6级~4-5级,17.5,15
2014-09-26,25,11,晴转多云,北风~南风,4-5级,18.0,14
2014-09-27,22,13,雷阵雨转多云,南风~北风,5-6级,17.5,9
2014-09-28,23,12,晴转多云,北风~东南风,4-5级,17.5,11
2014-09-29,19,9,阴转晴,东南风~北风,5-6级~6-7级,14.0,10
2014-09-30,21,4,晴,北风,6-7级~5-6级,12.5,17
2014-08-01,30,20,多云转晴,东南风,4-5级,25.0,10
2014-08-02,31,21,晴,东风,4-5级,26.0,10
2014-08-03,32,22,晴转多云,东北风,5-6级,27.0,10
2014-08-04,34,24,晴,东北风~西北风,5-6级~4-5级,29.0,10
2014-08-05,30,23,多云,北风,5-6级~4-5级,26.5,7
2014-08-06,30,20,多云转晴,西北风~西南风,4-5级,25.0,10
2014-08-07,33,20,晴,东北风,4-5级,26.5,13
2014-08-08,31,19,晴,东北风~东风,4-5级,25.0,12
2014-08-09,30,18,晴,东南风,4-5级,24.0,12
2014-08-10,28,19,晴,东南风~南风,4-5级,23.5,9
2014-08-11,31,19,多云,西南风~西北风,4-5级,25.0,12
2014-08-12,30,18,晴转多云,西北风~西风,4-5级,24.0,12
2014-08-13,29,19,晴转多云,东南风,4-5级,24.0,10
2014-08-14,28,18,多云,西南风~南风,4-5级,23.0,10
2014-08-15,29,19,雷阵雨,南风~西南风,4-5级,24.0,10
2014-08-16,29,18,多云转雷阵雨,南风~东南风,4-5级,23.5,11
2014-08-17,28,19,多云转雷阵雨,东南风,4-5级,23.5,9
2014-08-18,30,21,多云转晴,东南风,4-5级,25.5,9
2014-08-19,30,18,多云,西风~西南风,4-5级,24.0,12
2014-08-20,30,18,晴,西南风,4-5级,24.0,12
2014-08-21,30,19,晴,南风~西南风,4-5级,24.5,11
2014-08-22,30,19,多云,西南风,4-5级,24.5,11
2014-08-23,30,20,多云转雷阵雨,南风~西南风,4-5级,25.0,10
2014-08-24,27,21,雷阵雨,南风~东南风,4-5级,24.0,6
2014-08-25,27,19,雷阵雨,东南风~北风,4-5级,23.0,8
2014-08-26,30,18,晴,西北风,4-5级,24.0,12
2014-08-27,30,17,晴,西北风~南风,4-5级,23.5,13
2014-08-28,29,18,晴转多云,东南风,4-5级,23.5,11
2014-08-29,28,19,多云,东南风,4-5级,23.5,9
2014-08-30,30,18,晴,东南风,4-5级,24.0,12
2014-08-31,28,18,晴转多云,南风,4-5级,23.0,10
2014-07-01,27,20,多云转阵雨,东南风,东南风转南风4-5级,23.5,7
2014-07-02,28,20,阵雨转多云,东风,东南风4-5级,24.0,8
2014-07-03,28,21,多云,东南风,东南风4-5级,24.5,7
2014-07-04,29,21,晴,东南风,东南风4-5级,25.0,8
2014-07-05,30,21,晴,东南风,东南风4-5级,25.5,9
2014-07-06,31,21,晴,西风,东北风转南风4-5级,26.0,10
2014-07-07,29,21,晴转多云,南风,西南风4-5级转南风5-6级,25.0,8
2014-07-08,31,21,晴,东南风,南风4-5级,26.0,10
2014-07-09,32,22,多云转晴,北风,北风转西北风4-5级,27.0,10
2014-07-10,32,20,多云,北风,西北风4-5级,26.0,12
2014-07-11,34,20,晴,西风~西北风,4-5级,27.0,14
2014-07-12,31,20,多云,西北风~西风,4-5级,25.5,11
2014-07-13,31,19,多云转晴,西南风,4-5级,25.0,12
2014-07-14,32,19,晴,西南风,4-5级,25.5,13
2014-07-15,31,20,晴转多云,南风,4-5级~5-6级,25.5,11
2014-07-16,29,21,多云转雷阵雨,南风,4-5级~5-6级,25.0,8
2014-07-17,29,21,中雨转雷阵雨,南风,4-5级,25.0,8
2014-07-18,32,20,晴,南风,4-5级,26.0,12
2014-07-19,33,22,晴,南风~东南风,4-5级,27.5,11
2014-07-20,32,23,晴,南风,4-5级~5-6级,27.5,9
2014-07-21,30,22,晴转雷阵雨,南风,5-6级,26.0,8
2014-07-22,30,21,中雨转阵雨,南风~东北风,5-6级~4-5级,25.5,9
2014-07-23,31,22,多云,西北风~西南风,4-5级,26.5,9
2014-07-24,29,22,多云,西南风~东南风,4-5级,25.5,7
2014-07-25,25,20,阵雨转中到大雨,东风~东北风,5-6级~7-8级,22.5,5
2014-07-26,29,19,大雨转多云,东北风~北风,7-8级,24.0,10
2014-07-27,30,19,晴,西北风~西南风,4-5级,24.5,11
2014-07-28,30,19,晴,南风,4-5级,24.5,11
2014-07-29,30,19,晴,东南风,4-5级,24.5,11
2014-07-30,29,19,晴转多云,东南风,4-5级,24.0,10
2014-07-31,29,21,雷阵雨转多云,东南风,4-5级,25.0,8
2014-06-01,24,17,多云,东南风,4-5级,20.5,7
2014-06-02,23,17,多云转小雨,东南风~东北风,5-6级,20.0,6
2014-06-03,23,17,多云转晴,东北风,5-6级~4-5级,20.0,6
2014-06-04,27,16,晴,东北风,4-5级,21.5,11
2014-06-05,29,16,多云转晴,东风~东南风,4-5级,22.5,13
2014-06-06,27,17,晴转多云,南风~东南风,4-5级,22.0,10
2014-06-07,23,17,雷阵雨转中雨,东南风,4-5级,20.0,6
2014-06-08,21,16,中雨转多云,东南风~西北风,4-5级,18.5,5
2014-06-09,23,16,雷阵雨,南风~东南风,4-5级,19.5,7
2014-06-10,28,16,多云,南风,东风转北风4-5级,22.0,12
2014-06-11,29,18,多云,西风,北风4-5级,23.5,11
2014-06-12,30,17,晴,北风,西北风4-5级转5-6级,23.5,13
2014-06-13,30,18,晴,北风,西北风转西南风4-5级,24.0,12
2014-06-14,33,18,晴,西南风,南风4-5级,25.5,15
2014-06-15,32,18,晴转多云,西南风,南风4-5级,25.0,14
2014-06-16,28,18,多云,西风,南风4-5级,23.0,10
2014-06-17,28,18,多云,西风,南风4-5级,23.0,10
2014-06-18,27,18,雷阵雨转多云,北风,西南风转东南风4-5级,22.5,9
2014-06-19,23,19,雷阵雨,南风,东南风4-5级,21.0,4
2014-06-20,27,18,多云,东风,东风4-5级,22.5,9
2014-06-21,26,18,雷阵雨,西北风,东北风转北风4-5级,22.0,8
2014-06-22,30,18,雷阵雨转晴,西北风,西北风转西风4-5级,24.0,12
2014-06-23,31,18,晴,西北风,西南风转南风4-5级,24.5,13
2014-06-24,29,19,晴,西北风,南风4-5级,24.0,10
2014-06-25,28,18,阵雨转雷阵雨,南风,南风5-6级转4-5级,23.0,10
2014-06-26,29,19,雷阵雨转多云,东南风,南风转西北风4-5级,24.0,10
2014-06-27,29,18,晴,西北风,西北风5-6级,23.5,11
2014-06-28,31,18,晴,西北风,北风转西南风4-5级,24.5,13
2014-06-29,31,20,晴,西北风,西北风转南风4-5级,25.5,11
2014-06-30,30,21,晴,北风,东南风4-5级,25.5,9
2014-05-01,25,10,晴,南风~西南风,4-5级~5-6级,17.5,15
2014-05-02,17,12,阵雨转晴,西南风~西北风,5-6级,14.5,5
2014-05-03,21,5,晴转多云,西北风~西南风,5-6级,13.0,16
2014-05-04,16,8,晴转多云,西南风~西北风,5-6级,12.0,8
2014-05-05,17,5,晴,西北风,5-6级,11.0,12
2014-05-06,21,6,晴转多云,南风,4-5级~5-6级,13.5,15
2014-05-07,18,9,小到中雨转小雨,南风~北风,5-6级,13.5,9
2014-05-08,22,9,多云转晴,西北风,4-5级,15.5,13
2014-05-09,21,9,晴,西北风~东南风,4-5级,15.0,12
2014-05-10,20,10,多云,东南风,5-6级,15.0,10
2014-05-11,14,9,中雨转大到暴雨,东南风,6-7级,11.5,5
2014-05-12,21,9,小雨转晴,西北风~西风,5-6级,15.0,12
2014-05-13,25,12,晴,西风~西南风,5-6级,18.5,13
2014-05-14,25,15,多云,西南风~北风,5-6级~4-5级,20.0,10
2014-05-15,24,13,多云转晴,西北风~西南风,4-5级,18.5,11
2014-05-16,25,11,晴,西南风~东南风,4-5级,18.0,14
2014-05-17,26,12,晴,东北风~南风,4-5级,19.0,14
2014-05-18,27,14,晴,南风,4-5级,20.5,13
2014-05-19,23,12,晴转多云,南风,5-6级,17.5,11
2014-05-20,25,13,阵雨转晴,南风~西北风,5-6级~4-5级,19.0,12
2014-05-21,27,12,晴,西北风~南风,4-5级,19.5,15
2014-05-22,27,13,晴,南风,4-5级,20.0,14
2014-05-23,27,14,晴,南风,5-6级,20.5,13
2014-05-24,19,13,多云转阴,南风,5-6级,16.0,6
2014-05-25,22,13,阵雨,南风~西南风,5-6级,17.5,9
2014-05-26,28,13,多云转晴,西风,5-6级,20.5,15
2014-05-27,29,14,晴转多云,西风~西南风,5-6级~4-5级,21.5,15
2014-05-28,31,14,多云转晴,西北风,5-6级~4-5级,22.5,17
2014-05-29,32,19,晴转多云,南风,5-6级,25.5,13
2014-05-30,32,17,晴,南风,4-5级,24.5,15
2014-05-31,30,15,晴,东南风,4-5级,22.5,15
2014-04-01,19,5,多云,南风~西南风,4-5级,12.0,14
2014-04-02,18,6,晴转多云,西南风~北风,4-5级,12.0,12
2014-04-03,12,2,晴,北风,5-6级,7.0,10
2014-04-04,15,1,晴,西北风~北风,5-6级,8.0,14
2014-04-05,11,0,晴,北风,5-6级,5.5,11
2014-04-06,18,1,晴,北风~西南风,4-5级~5-6级,9.5,17
2014-04-07,20,7,晴,西南风,5-6级,13.5,13
2014-04-08,20,9,晴,南风,4-5级,14.5,11
2014-04-09,18,5,多云转小雨,南风~北风,5-6级,11.5,13
2014-04-10,17,4,多云转晴,东北风,5-6级~4-5级,10.5,13
2014-04-11,18,5,多云,东风,4-5级,11.5,13
2014-04-12,17,6,阴,东南风,4-5级,11.5,11
2014-04-13,18,8,多云,东南风,4-5级,13.0,10
2014-04-14,21,7,晴,南风,4-5级,14.0,14
2014-04-15,22,9,晴,南风~北风,4-5级,15.5,13
2014-04-16,20,9,多云转晴,南风,4-5级,14.5,11
2014-04-17,17,8,多云转阴,东南风,4-5级,12.5,9
2014-04-18,18,7,多云,东南风~北风,4-5级,12.5,11
2014-04-19,18,8,晴转多云,东北风,4-5级,13.0,10
2014-04-20,19,8,多云,东南风~西南风,4-5级,13.5,11
2014-04-21,22,9,晴,西南风,4-5级,15.5,13
2014-04-22,22,8,晴,西南风,4-5级,15.0,14
2014-04-23,22,9,晴转雷阵雨,西南风,4-5级~5-6级,15.5,13
2014-04-24,22,9,多云转晴,南风,5-6级,15.5,13
2014-04-25,21,10,晴,南风,5-6级,15.5,11
2014-04-26,18,10,多云转小雨,东南风,5-6级,14.0,8
2014-04-27,20,10,小到中雨转小雨,东南风~东北风,5-6级,15.0,10
2014-04-28,23,10,多云转晴,东北风,5-6级,16.5,13
2014-04-29,23,9,多云,东北风~北风,4-5级,16.0,14
2014-04-30,24,10,晴,东南风~西南风,4-5级,17.0,14
2014-03-01,6,-5,多云转晴,北风,4-5级,0.5,11
2014-03-02,7,-4,晴,北风~南风,4-5级,1.5,11
2014-03-03,7,-4,晴,北风~南风,4-5级,1.5,11
2014-03-04,5,-3,雨夹雪,南风~北风,5-6级,1.0,8
2014-03-05,2,-5,多云转晴,北风~西北风,5-6级~4-5级,-1.5,7
2014-03-06,5,-6,晴,西北风,4-5级,-0.5,11
2014-03-07,5,-7,晴,北风~西南风,4-5级,-1.0,12
2014-03-08,4,-7,晴转雨夹雪,北风~东南风,4-5级,-1.5,11
2014-03-09,1,-5,多云转晴,北风~西北风,4-5级~5-6级,-2.0,6
2014-03-10,5,-7,晴,南风,4-5级,-1.0,12
2014-03-11,5,-2,晴,南风,4-5级,1.5,7
2014-03-12,6,0,阴转晴,南风~北风,5-6级,3.0,6
2014-03-13,5,-2,晴,北风~西北风,5-6级,1.5,7
2014-03-14,9,-4,晴,北风~西南风,4-5级,2.5,13
2014-03-15,12,-2,晴,西南风~北风,4-5级,5.0,14
2014-03-16,11,-1,晴,东北风~东南风,4-5级,5.0,12
2014-03-17,14,2,多云,东南风~西南风,5-6级,8.0,12
2014-03-18,11,2,晴,北风,5-6级,6.5,9
2014-03-19,12,0,晴转多云,北风,4-5级,6.0,12
2014-03-20,8,1,多云转晴,北风,5-6级~6-7级,4.5,7
2014-03-21,12,-1,晴,西北风~西南风,5-6级~4-5级,5.5,13
2014-03-22,15,1,晴,西南风,4-5级,8.0,14
2014-03-23,17,2,晴,东北风~南风,4-5级,9.5,15
2014-03-24,18,3,晴,南风~西南风,4-5级~5-6级,10.5,15
2014-03-25,14,2,雾转晴,东南风,4-5级,8.0,12
2014-03-26,18,4,晴,东南风~南风,4-5级,11.0,14
2014-03-27,18,4,多云转晴,南风,4-5级~5-6级,11.0,14
2014-03-28,16,4,晴转阴,南风,5-6级~4-5级,10.0,12
2014-03-29,16,4,小雨转多云,北风,4-5级~5-6级,10.0,12
2014-03-30,19,4,晴,西北风,4-5级,11.5,15
2014-03-31,20,5,晴,北风~南风,4-5级,12.5,15
2014-02-01,3,-2,小雪转多云,东南风~东风,5-6级~4-5级,0.5,5
2014-02-02,5,-4,多云,南风~北风,4-5级~6-7级,0.5,9
2014-02-03,5,-4,多云,南风~北风,4-5级~6-7级,0.5,9
2014-02-04,-6,-14,晴,北风,5-6级,-10.0,8
2014-02-05,-2,-14,晴,北风~南风,4-5级,-8.0,12
2014-02-06,1,-10,多云,东南风~东北风,4-5级,-4.5,11
2014-02-07,0,-10,多云,东北风,4-5级,-5.0,10
2014-02-08,-1,-10,多云转晴,北风,4-5级~5-6级,-5.5,9
2014-02-09,-5,-13,晴,北风~西北风,5-6级,-9.0,8
2014-02-10,-5,-13,晴,西北风~北风,6-7级,-9.0,8
2014-02-11,0,-14,晴,北风,4-5级,-7.0,14
2014-02-12,1,-13,晴,北风,4-5级,-6.0,14
2014-02-13,2,-11,晴转多云,西北风~北风,4-5级,-4.5,13
2014-02-14,3,-8,多云,北风~南风,4-5级,-2.5,11
2014-02-15,7,-6,晴转多云,南风,4-5级,0.5,13
2014-02-16,3,-8,多云,南风~东北风,4-5级,-2.5,11
2014-02-17,4,-5,多云,东北风,4-5级~5-6级,-0.5,9
2014-02-18,2,-6,阴转多云,东北风,5-6级,-2.0,8
2014-02-19,3,-7,多云转晴,北风,4-5级,-2.0,10
2014-02-20,3,-8,晴,北风,4-5级,-2.5,11
2014-02-21,5,-7,晴,西北风~南风,4-5级,-1.0,12
2014-02-22,5,-6,多云,南风~东北风,4-5级,-0.5,11
2014-02-23,7,-3,多云,东北风~东南风,4-5级,2.0,10
2014-02-24,8,-1,多云,南风,4-5级,3.5,9
2014-02-25,7,-2,雾转多云,东南风~南风,3-4级,2.5,9
2014-02-26,7,-1,雾转多云,南风,4-5级,3.0,8
2014-02-27,4,-2,小雨转多云,北风,5-6级,1.0,6
2014-02-28,5,-6,晴转多云,北风,4-5级,-0.5,11
2014-01-01,6,-9,晴,西风~北风,5-6级~4-5级,-1.5,15
2014-01-02,8,-6,晴,西北风~西南风,4-5级,1.0,14
2014-01-03,0,-8,多云转晴,南风~北风,5-6级~6-7级,-4.0,8
2014-01-04,1,-9,晴,东北风~北风,5-6级~4-5级,-4.0,10
2014-01-05,3,-9,多云,南风~东北风,4-5级,-3.0,12
2014-01-06,4,-6,多云,北风~南风,4-5级,-1.0,10
2014-01-07,2,-10,雨夹雪转小雪,南风~北风,4-5级~6-7级,-4.0,12
2014-01-08,-1,-10,阴转多云,北风,6-7级,-5.5,9
2014-01-09,-4,-15,晴,北风~西北风,5-6级~4-5级,-9.5,11
2014-01-10,2,-14,晴,西北风~西风,4-5级,-6.0,16
2014-01-11,2,-10,晴转多云,西风,4-5级,-4.0,12
2014-01-12,-3,-12,多云转晴,北风,5-6级,-7.5,9
2014-01-13,-1,-15,晴转多云,北风~南风,4-5级,-8.0,14
2014-01-14,1,-14,多云转晴,南风~北风,4-5级,-6.5,15
2014-01-15,3,-8,晴,西风,4-5级,-2.5,11
2014-01-16,1,-10,多云转小雪,西风~东北风,4-5级,-4.5,11
2014-01-17,0,-10,多云,北风,4-5级,-5.0,10
2014-01-18,0,-11,晴,北风,5-6级,-5.5,11
2014-01-19,2,-10,多云转小雪,南风~西南风,4-5级~5-6级,-4.0,12
2014-01-20,-5,-13,小雪转多云,西南风~西北风,5-6级~6-7级,-9.0,8
2014-01-21,-4,-13,多云转晴,北风,6-7级~5-6级,-8.5,9
2014-01-22,3,-10,晴,西风~西南风,4-5级,-3.5,13
2014-01-23,5,-6,晴,西南风,5-6级,-0.5,11
2014-01-24,5,-4,多云,西南风~东北风,5-6级~4-5级,0.5,9
2014-01-25,1,-5,多云转晴,北风,5-6级~6-7级,-2.0,6
2014-01-26,1,-11,晴,北风,6-7级~5-6级,-5.0,12
2014-01-27,0,-11,晴,西北风~西南风,4-5级~5-6级,-5.5,11
2014-01-28,0,-11,晴,北风~南风,5-6级~4-5级,-5.5,11
2014-01-29,5,-6,晴,南风,4-5级~5-6级,-0.5,11
2014-01-30,4,-4,多云转晴,南风~北风,5-6级,0.0,8
2014-01-31,5,-6,晴转阴,东南风,4-5级~5-6级,-0.5,11
2013-12-01,7,-3,晴,北风~西风,4-5级,2.0,10
2013-12-02,9,-2,晴,西风,4-5级,3.5,11
2013-12-03,7,-2,多云转晴,西南风~西北风,4-5级,2.5,9
2013-12-04,9,-2,晴,西风,4-5级,3.5,11
2013-12-05,6,-4,多云,北风,4-5级~5-6级,1.0,10
2013-12-06,7,-4,晴,北风~西风,5-6级~4-5级,1.5,11
2013-12-07,8,-1,晴,东南风~南风,4-5级,3.5,9
2013-12-08,7,-1,晴转多云,东南风~西南风,4-5级,3.0,8
2013-12-09,5,-4,多云转晴,北风,5-6级,0.5,9
2013-12-10,3,-5,晴转小雪,西风~北风,4-5级~6-7级,-1.0,8
2013-12-11,0,-6,小雪转多云,北风~西北风,5-6级~6-7级,-3.0,6
2013-12-12,-1,-7,多云,北风~西北风,5-6级,-4.0,6
2013-12-13,-2,-10,多云,西北风,5-6级,-6.0,8
2013-12-14,0,-10,多云转晴,西北风,5-6级~4-5级,-5.0,10
2013-12-15,1,-10,晴,西北风~北风,4-5级,-4.5,11
2013-12-16,2,-8,晴,南风~东北风,4-5级,-3.0,10
2013-12-17,0,-10,晴转多云,东北风,5-6级,-5.0,10
2013-12-18,-4,-11,多云转阴,东北风~北风,5-6级,-7.5,7
2013-12-19,-6,-12,阵雪,西北风,5-6级,-9.0,6
2013-12-20,-4,-11,多云,北风,5-6级,-7.5,7
2013-12-21,-3,-10,多云转晴,北风,5-6级~4-5级,-6.5,7
2013-12-22,0,-10,晴转多云,北风,4-5级,-5.0,10
2013-12-23,1,-10,多云转晴,西北风,4-5级,-4.5,11
2013-12-24,3,-10,晴,北风,4-5级,-3.5,13
2013-12-25,3,-10,晴转多云,西北风~西南风,4-5级,-3.5,13
2013-12-26,-1,-10,阵雪,北风,5-6级~6-7级,-5.5,9
2013-12-27,-4,-12,多云,西北风,6-7级~5-6级,-8.0,8
2013-12-28,-1,-12,晴,西北风,4-5级,-6.5,11
2013-12-29,1,-11,晴,西风,5-6级,-5.0,12
2013-12-30,4,-9,晴,西风,5-6级~4-5级,-2.5,13
2013-12-31,5,-7,晴,西风~西北风,5-6级,-1.0,12
2013-11-01,14,4,多云转阴,西北风,4-5级,9.0,10
2013-11-02,15,7,阴转多云,西南风,4-5级,11.0,8
2013-11-03,14,7,多云转小雨,西南风~西北风,4-5级~5-6级,10.5,7
2013-11-04,15,5,晴,北风~西南风,5-6级~4-5级,10.0,10
2013-11-05,16,7,晴转多云,西南风,4-5级~5-6级,11.5,9
2013-11-06,16,5,多云转晴,西南风~西北风,4-5级~5-6级,10.5,11
2013-11-07,13,5,多云转晴,西北风,5-6级~4-5级,9.0,8
2013-11-08,15,5,晴转多云,西南风~南风,4-5级,10.0,10
2013-11-09,11,4,小雨转小到中雨,东南风~北风,5-6级,7.5,7
2013-11-10,6,-5,多云转晴,北风,6-7级,0.5,11
2013-11-11,9,-6,晴,北风~西北风,5-6级~4-5级,1.5,15
2013-11-12,10,-2,晴,西北风~北风,4-5级,4.0,12
2013-11-13,12,-1,晴转多云,西北风~西南风,4-5级,5.5,13
2013-11-14,11,4,多云转晴,西南风~西北风,4-5级~5-6级,7.5,7
2013-11-15,13,2,晴,西北风~西南风,4-5级,7.5,11
2013-11-16,12,3,多云转小雨,西南风~北风,4-5级~6-7级,7.5,9
2013-11-17,5,-2,多云转晴,北风~西北风,6-7级,1.5,7
2013-11-18,4,-4,晴转多云,北风,6-7级,0.0,8
2013-11-19,5,-4,多云转晴,北风,6-7级~5-6级,0.5,9
2013-11-20,6,-4,晴,北风,4-5级,1.0,10
2013-11-21,8,-4,晴,西北风,4-5级,2.0,12
2013-11-22,10,-3,晴,西北风~西风,4-5级,3.5,13
2013-11-23,11,1,晴,西南风,4-5级,6.0,10
2013-11-24,8,2,小雨转中雨,西南风~北风,4-5级~5-6级,5.0,6
2013-11-25,4,-2,雨夹雪转晴,东北风~西北风,6-7级,1.0,6
2013-11-26,3,-2,晴,西北风,4-5级,0.5,5
2013-11-27,-1,-7,小雪,西北风,6-7级,-4.0,6
2013-11-28,2,-7,多云转晴,西北风,6-7级~5-6级,-2.5,9
2013-11-29,6,-5,晴,西北风~西风,4-5级,0.5,11
2013-11-30,3,-2,晴转多云,西风~北风,5-6级~4-5级,0.5,5
2013-10-01,24,15,多云转小雨,南风~北风,4-5级~5-6级,19.5,9
2013-10-02,19,9,阵雨转晴,北风,6-7级,14.0,10
2013-10-03,20,8,晴,西北风~东南风,4-5级,14.0,12
2013-10-04,24,8,晴,东南风~西南风,4-5级~5-6级,16.0,16
2013-10-05,25,13,晴,东南风,4-5级,19.0,12
2013-10-06,23,14,晴,东南风,4-5级,18.5,9
2013-10-07,21,13,晴转多云,东风~东北风,4-5级,17.0,8
2013-10-08,21,9,晴转多云,东北风~北风,5-6级,15.0,12
2013-10-09,24,12,晴转多云,西南风,4-5级~5-6级,18.0,12
2013-10-10,23,8,晴转多云,西南风~西北风,5-6级,15.5,15
2013-10-11,17,9,多云转晴,西北风,5-6级,13.0,8
2013-10-12,23,11,晴,西北风~东南风,4-5级,17.0,12
2013-10-13,23,10,晴,南风~东南风,4-5级,16.5,13
2013-10-14,23,10,晴,南风~东南风,4-5级,16.5,13
2013-10-15,10,0,晴,南风~东南风,4-5级,5.0,10
2013-10-16,15,0,晴,北风~西北风,5-6级~4-5级,7.5,15
2013-10-17,18,4,晴,东风~南风,4-5级,11.0,14
2013-10-18,20,7,晴转多云,西南风,4-5级,13.5,13
2013-10-19,17,7,晴转小雨,南风~西南风,4-5级,12.0,10
2013-10-20,16,8,雷阵雨转多云,西南风~北风,4-5级~5-6级,12.0,8
2013-10-21,18,8,晴转多云,北风,4-5级,13.0,10
2013-10-22,17,8,雾转多云,东风~南风,4-5级,12.5,9
2013-10-23,16,5,阵雨转多云,南风~西北风,4-5级~5-6级,10.5,11
2013-10-24,12,4,多云转晴,西北风,5-6级,8.0,8
2013-10-25,13,4,晴,北风,5-6级,8.5,9
2013-10-26,16,4,晴,西北风~西南风,4-5级,10.0,12
2013-10-27,17,5,晴,西风~西南风,4-5级,11.0,12
2013-10-28,16,8,晴转阵雨,西南风~南风,4-5级,12.0,8
2013-10-29,12,7,小雨转晴,南风~东北风,4-5级~5-6级,9.5,5
2013-10-30,13,3,晴,北风,5-6级~4-5级,8.0,10
2013-10-31,16,3,晴转多云,西北风,4-5级,9.5,13
2013-09-01,26,13,晴,北风~南风,4-5级,19.5,13
2013-09-02,25,14,雷阵雨,南风~北风,4-5级,19.5,11
2013-09-03,26,14,晴,东北风,4-5级,20.0,12
2013-09-04,26,13,晴转多云,北风~东风,4-5级,19.5,13
2013-09-05,24,15,多云转雷阵雨,北风~东南风,4-5级,19.5,9
2013-09-06,24,14,多云,西南风~西风,4-5级,19.0,10
2013-09-07,26,15,多云转晴,西风~南风,4-5级,20.5,11
2013-09-08,26,15,晴转多云,南风,4-5级,20.5,11
2013-09-09,25,16,多云转小雨,南风~西南风,4-5级,20.5,9
2013-09-10,24,18,雷阵雨转小雨,南风,4-5级,21.0,6
2013-09-11,27,17,多云转晴,东北风,4-5级,22.0,10
2013-09-12,25,16,晴转多云,西北风~南风,4-5级,20.5,9
2013-09-13,24,16,阵雨,南风,4-5级,20.0,8
2013-09-14,25,20,阵雨转雷阵雨,南风~东北风,4-5级,22.5,5
2013-09-15,24,14,晴,东北风,5-6级,19.0,10
2013-09-16,25,13,晴转多云,东北风~南风,4-5级,19.0,12
2013-09-17,26,18,多云,南风~西南风,4-5级,22.0,8
2013-09-18,27,18,晴转多云,东南风,4-5级,22.5,9
2013-09-19,27,19,多云转阴,南风,4-5级,23.0,8
2013-09-20,25,18,阴转多云,西南风~北风,4-5级,21.5,7
2013-09-21,25,17,多云转晴,东北风,4-5级,21.0,8
2013-09-22,26,17,晴,东风~东南风,4-5级,21.5,9
2013-09-23,21,18,小雨转中雨,东南风~北风,4-5级~5-6级,19.5,3
2013-09-24,17,11,阴转多云,北风,5-6级,14.0,6
2013-09-25,21,8,晴,北风~西北风,5-6级~4-5级,14.5,13
2013-09-26,23,8,晴,西北风~西南风,4-5级,15.5,15
2013-09-27,25,10,晴,西南风,4-5级~5-6级,17.5,15
2013-09-28,23,12,多云,西南风~东南风,5-6级~4-5级,17.5,11
2013-09-29,23,12,晴,东南风~东北风,4-5级,17.5,11
2013-09-30,24,11,晴,北风~南风,4-5级,17.5,13
2013-08-01,29,21,晴,东南风,4-5级,25.0,8
2013-08-02,27,21,小雨转小到中雨,东南风~南风,4-5级,24.0,6
2013-08-03,28,21,雷阵雨,南风,4-5级,24.5,7
2013-08-04,31,23,多云转雷阵雨,西南风,4-5级,27.0,8
2013-08-05,30,23,雷阵雨转多云,南风,4-5级,26.5,7
2013-08-06,30,23,多云,南风,4-5级,26.5,7
2013-08-07,29,24,雷阵雨转中到大雨,南风,4-5级,26.5,5
2013-08-08,30,25,中到大雨,南风~西南风,4-5级,27.5,5
2013-08-09,31,23,多云转晴,南风,4-5级,27.0,8
2013-08-10,32,23,多云转晴,南风,4-5级,27.5,9
2013-08-11,32,25,晴转多云,南风,4-5级,28.5,7
2013-08-12,31,24,雷阵雨,南风,4-5级,27.5,7
2013-08-13,30,25,中到大雨,南风,4-5级,27.5,5
2013-08-14,31,24,小雨转多云,南风,4-5级,27.5,7
2013-08-15,31,25,多云,南风,4-5级,28.0,6
2013-08-16,31,25,多云转大雨,南风~西南风,4-5级,28.0,6
2013-08-17,32,23,雷阵雨转多云,西南风~北风,5-6级~4-5级,27.5,9
2013-08-18,32,23,多云转晴,西南风~北风,4-5级,27.5,9
2013-08-19,32,21,晴,北风,4-5级,26.5,11
2013-08-20,30,19,晴,北风,4-5级,24.5,11
2013-08-21,29,21,多云,东北风~东南风,4-5级,25.0,8
2013-08-22,30,22,多云,东南风,4-5级,26.0,8
2013-08-23,31,21,多云转晴,东南风~东北风,4-5级,26.0,10
2013-08-24,31,20,晴,东北风~北风,4-5级,25.5,11
2013-08-25,31,20,晴,北风~西北风,4-5级,25.5,11
2013-08-26,31,19,晴,西南风~西北风,4-5级,25.0,12
2013-08-27,29,20,晴,北风~南风,4-5级,24.5,9
2013-08-28,26,19,阴转中到大雨,东南风~南风,4-5级~5-6级,22.5,7
2013-08-29,27,16,多云转晴,西北风~北风,5-6级,21.5,11
2013-08-30,24,16,晴,北风,5-6级~4-5级,20.0,8
2013-08-31,26,15,晴,北风,5-6级~4-5级,20.5,11
2013-07-01,26,20,晴转小雨,南风,4-5级,23.0,6
2013-07-02,28,21,中雨转晴,南风~西南风,5-6级~4-5级,24.5,7
2013-07-03,31,21,晴,西北风~西南风,4-5级,26.0,10
2013-07-04,32,22,晴转多云,西南风,4-5级,27.0,10
2013-07-05,31,21,多云转晴,西南风~西北风,4-5级,26.0,10
2013-07-06,33,23,晴,西北风~南风,4-5级,28.0,10
2013-07-07,30,21,晴,东南风,4-5级,25.5,9
2013-07-08,28,21,多云,东南风,4-5级,24.5,7
2013-07-09,25,21,小雨转大雨,东南风~东北风,4-5级,23.0,4
2013-07-10,25,21,暴雨转大雨,东南风~东北风,5-6级,23.0,4
2013-07-11,29,21,阵雨,东北风~北风,4-5级,25.0,8
2013-07-12,30,21,多云,西风~南风,4-5级,25.5,9
2013-07-13,29,22,多云,东南风,4-5级,25.5,7
2013-07-14,27,21,多云,东南风,4-5级,24.0,6
2013-07-15,25,21,中雨转大到暴雨,东南风~南风,5-6级,23.0,4
2013-07-16,26,22,大到暴雨转多云,南风~西南风,5-6级~4-5级,24.0,4
2013-07-17,30,20,晴,南风~东南风,4-5级,25.0,10
2013-07-18,28,22,多云转小雨,东南风,4-5级,25.0,6
2013-07-19,24,21,大到暴雨转中雨,西南风~南风,4-5级,22.5,3
2013-07-20,27,22,大到暴雨转小到中雨,南风~东北风,4-5级,24.5,5
2013-07-21,30,21,晴,北风~东南风,4-5级,25.5,9
2013-07-22,29,22,晴转多云,东南风,4-5级,25.5,7
2013-07-23,26,22,中雨转多云,东南风~西风,4-5级,24.0,4
2013-07-24,31,22,晴,西风~西北风,5-6级~4-5级,26.5,9
2013-07-25,31,22,晴,西风~西北风,4-5级,26.5,9
2013-07-26,30,22,晴转多云,北风~东南风,4-5级,26.0,8
2013-07-27,27,22,多云转中雨,东南风,4-5级,24.5,5
2013-07-28,30,22,中到大雨转小雨,东南风~南风,4-5级,26.0,8
2013-07-29,32,22,晴转小到中雨,西南风~东南风,4-5级,27.0,10
2013-07-30,30,23,小到中雨转多云,东南风,4-5级,26.5,7
2013-07-31,29,20,多云转晴,西北风~东南风,4-5级,24.5,9
2013-06-01,25,14,晴,东南风,4-5级,19.5,11
2013-06-02,23,14,多云,东南风,4-5级,18.5,9
2013-06-03,24,16,小雨转中雨,南风,4-5级,20.0,8
2013-06-04,25,15,晴,东南风,4-5级,20.0,10
2013-06-05,22,15,小雨转多云,东南风,4-5级,18.5,7
2013-06-06,23,15,雾转多云,东南风,4-5级,19.0,8
2013-06-07,24,15,晴,东南风,4-5级,19.5,9
2013-06-08,25,15,多云转晴,东南风,4-5级,20.0,10
2013-06-09,28,17,晴转多云,东北风,4-5级,22.5,11
2013-06-10,29,16,晴转多云,北风,4-5级,22.5,13
2013-06-11,21,16,小雨转中雨,北风,4-5级,18.5,5
2013-06-12,27,16,多云转晴,西北风~南风,4-5级,21.5,11
2013-06-13,27,14,晴,东南风~南风,4-5级,20.5,13
2013-06-14,26,15,晴,东南风,4-5级,20.5,11
2013-06-15,27,17,晴,南风,4-5级,22.0,10
2013-06-16,24,17,晴转多云,南风~东南风,4-5级,20.5,7
2013-06-17,22,17,小到中雨转阴,东风,4-5级,19.5,5
2013-06-18,26,18,阴转多云,东风~东南风,4-5级,22.0,8
2013-06-19,30,18,晴,北风~西北风,4-5级,24.0,12
2013-06-20,31,19,晴,西北风,4-5级,25.0,12
2013-06-21,31,20,多云,西北风,4-5级,25.5,11
2013-06-22,31,20,晴转多云,西北风~西风,4-5级,25.5,11
2013-06-23,26,19,多云,南风,4-5级,22.5,7
2013-06-24,26,18,阴转多云,南风,4-5级,22.0,8
2013-06-25,24,19,雷阵雨,东南风,4-5级,21.5,5
2013-06-26,24,18,雷阵雨,东南风,5-6级~4-5级,21.0,6
2013-06-27,28,18,雷阵雨,南风,4-5级,23.0,10
2013-06-28,28,19,多云,东南风~南风,4-5级,23.5,9
2013-06-29,28,19,多云,南风,4-5级,23.5,9
2013-06-30,27,20,多云,东南风~南风,4-5级,23.5,7
2013-05-01,19,7,晴,西北风,4-5级,13.0,12
2013-05-02,20,10,晴转多云,西北风,4-5级,15.0,10
2013-05-03,21,9,多云转晴,西北风,4-5级,15.0,12
2013-05-04,22,10,晴,西北风~西南风,4-5级,16.0,12
2013-05-05,21,9,晴,西南风,4-5级,15.0,12
2013-05-06,24,10,晴,西南风,4-5级,17.0,14
2013-05-07,22,12,晴,西南风~南风,4-5级,17.0,10
2013-05-08,21,10,晴,东南风,4-5级,15.5,11
2013-05-09,20,10,小雨,东南风~西北风,5-6级,15.0,10
2013-05-10,23,9,小雨转晴,东南风~西风,5-6级,16.0,14
2013-05-11,27,15,晴,西南风~东北风,5-6级~4-5级,21.0,12
2013-05-12,25,11,晴,东南风,4-5级,18.0,14
2013-05-13,20,11,多云转小雨,东风~南风,4-5级,15.5,9
2013-05-14,24,11,小雨转多云,南风~北风,4-5级,17.5,13
2013-05-15,24,11,晴,北风,5-6级~4-5级,17.5,13
2013-05-16,23,12,晴,东风~东南风,4-5级,17.5,11
2013-05-17,21,12,晴转阴,东南风,4-5级,16.5,9
2013-05-18,20,12,小雨转多云,东南风,4-5级,16.0,8
2013-05-19,19,12,多云转阴,西南风~西北风,4-5级,15.5,7
2013-05-20,24,12,小雨转晴,西北风~西风,5-6级,18.0,12
2013-05-21,25,11,晴转多云,西南风~东风,5-6级~4-5级,18.0,14
2013-05-22,23,12,多云,东风~东南风,4-5级,17.5,11
2013-05-23,28,13,晴转多云,南风,4-5级,20.5,15
2013-05-24,24,12,多云,南风~东北风,4-5级,18.0,12
2013-05-25,24,16,多云,东风~东南风,4-5级,20.0,8
2013-05-26,22,14,多云转小雨,东南风,5-6级,18.0,8
2013-05-27,18,13,小到中雨,东南风~东风,5-6级,15.5,5
2013-05-28,24,14,多云,东风,5-6级~4-5级,19.0,10
2013-05-29,27,15,多云转晴,西北风~西风,5-6级,21.0,12
2013-05-30,28,16,晴,西风~西南风,5-6级,22.0,12
2013-05-31,25,16,晴转多云,西南风,5-6级,20.5,9
2013-04-01,5,-1,小雨转小到中雨,南风~北风,5-6级,2.0,6
2013-04-02,9,1,晴,北风~西风,4-5级,5.0,8
2013-04-03,15,2,晴,西南风~东北风,4-5级,8.5,13
2013-04-04,10,2,晴转多云,东北风~东风,4-5级,6.0,8
2013-04-05,9,-1,小到中雨转小雨,东风~东北风,5-6级~6-7级,4.0,10
2013-04-06,7,0,多云转晴,北风,6-7级~5-6级,3.5,7
2013-04-07,8,-1,晴,西北风~南风,5-6级~4-5级,3.5,9
2013-04-08,11,1,阴转多云,西风,5-6级,6.0,10
2013-04-09,8,1,多云转晴,西风~西北风,5-6级,4.5,7
2013-04-10,10,0,晴,西风~西北风,4-5级,5.0,10
2013-04-11,10,1,多云转晴,西北风~西风,4-5级,5.5,9
2013-04-12,12,1,晴,西风~西南风,4-5级~5-6级,6.5,11
2013-04-13,13,1,多云转阴,西南风~北风,5-6级,7.0,12
2013-04-14,9,2,晴转多云,北风~南风,5-6级~4-5级,5.5,7
2013-04-15,14,2,多云转晴,东南风,4-5级,8.0,12
2013-04-16,10,2,多云,东风~东北风,4-5级~5-6级,6.0,8
2013-04-17,14,2,多云转晴,东风~北风,4-5级~5-6级,8.0,12
2013-04-18,11,2,多云转晴,北风,5-6级,6.5,9
2013-04-19,11,1,晴转多云,北风~西北风,4-5级,6.0,10
2013-04-20,15,4,多云转晴,西北风,4-5级,9.5,11
2013-04-21,17,4,晴,西北风~西南风,4-5级,10.5,13
2013-04-22,17,4,晴转多云,西南风~南风,5-6级,10.5,13
2013-04-23,12,6,多云转阴,南风~西北风,4-5级,9.0,6
2013-04-24,19,6,晴转小雨,西风~西北风,4-5级,12.5,13
2013-04-25,17,6,多云转晴,西风~西北风,4-5级~5-6级,11.5,11
2013-04-26,19,7,晴转多云,西北风~东南风,4-5级,13.0,12
2013-04-27,17,8,阴转多云,东南风,4-5级,12.5,9
2013-04-28,17,9,晴转阵雨,东南风,4-5级,13.0,8
2013-04-29,18,7,多云转晴,西北风,5-6级,12.5,11
2013-04-30,20,7,晴,西北风~北风,5-6级~4-5级,13.5,13
2013-03-01,0,-8,阴转晴,北风,6-7级,-4.0,8
2013-03-02,1,-9,晴,西北风,5-6级~4-5级,-4.0,10
2013-03-03,5,-6,多云转晴,西南风,4-5级,-0.5,11
2013-03-04,6,-2,晴,北风~西南风,4-5级,2.0,8
2013-03-05,9,1,多云,西南风,5-6级~4-5级,5.0,8
2013-03-06,8,1,多云,西南风~南风,4-5级,4.5,7
2013-03-07,11,-1,多云转晴,东风~西北风,4-5级,5.0,12
2013-03-08,11,0,多云转晴,南风~东北风,4-5级~5-6级,5.5,11
2013-03-09,13,-6,多云转晴,北风,6-7级,3.5,19
2013-03-10,3,-6,晴,北风~西南风,5-6级~4-5级,-1.5,9
2013-03-11,6,-3,晴,西南风,4-5级,1.5,9
2013-03-12,4,-2,小雨转中雨,西南风~东北风,4-5级~5-6级,1.0,6
2013-03-13,-1,-7,晴,北风,6-7级~4-5级,-4.0,6
2013-03-14,5,-4,晴,西北风~西南风,4-5级,0.5,9
2013-03-15,9,-1,晴,西南风,4-5级,4.0,10
2013-03-16,8,1,晴转多云,东北风~东南风,4-5级,4.5,7
2013-03-17,9,0,小雨,西南风~西北风,4-5级,4.5,9
2013-03-18,4,-1,小雨转多云,南风~北风,4-5级~5-6级,1.5,5
2013-03-19,3,-6,小雨转多云,东风~东北风,4-5级~5-6级,-1.5,9
2013-03-20,0,-6,多云转晴,北风~西北风,5-6级~4-5级,-3.0,6
2013-03-21,8,-4,晴转多云,西南风~东北风,5-6级,2.0,12
2013-03-22,2,-4,多云转晴,东北风,5-6级,-1.0,6
2013-03-23,3,-5,雨夹雪转小雪,东南风~北风,4-5级~5-6级,-1.0,8
2013-03-24,1,-5,晴,北风~东北风,5-6级~4-5级,-2.0,6
2013-03-25,5,-3,晴,西北风~西南风,4-5级,1.0,8
2013-03-26,10,-2,晴,南风,5-6级,4.0,12
2013-03-27,8,-1,晴转雨夹雪,西南风,5-6级~4-5级,3.5,9
2013-03-28,5,-2,晴,东北风,5-6级~4-5级,1.5,7
2013-03-29,6,-1,晴,北风,4-5级,2.5,7
2013-03-30,3,-1,雨夹雪,东南风~北风,4-5级,1.0,4
2013-03-31,9,0,晴转小雨,南风,4-5级~5-6级,4.5,9
2013-02-01,2,-6,小到中雨转多云,南风~北风,5-6级,-2.0,8
2013-02-02,-3,-11,晴,西北风,5-6级~4-5级,-7.0,8
2013-02-03,1,-10,晴转小到中雪,南风,4-5级,-4.5,11
2013-02-04,-5,-12,晴转多云,北风~南风,5-6级~4-5级,-8.5,7
2013-02-05,-2,-13,多云,北风~南风,4-5级,-7.5,11
2013-02-06,-4,-11,多云转晴,北风~东北风,4-5级~5-6级,-7.5,7
2013-02-07,-10,-17,多云,北风,6-7级~5-6级,-13.5,7
2013-02-08,-9,-17,晴,北风,5-6级~4-5级,-13.0,8
2013-02-09,-2,-13,小雪转多云,西南风~北风,4-5级~5-6级,-7.5,11
2013-02-10,-7,-14,晴,北风,5-6级~4-5级,-10.5,7
2013-02-11,-4,-15,晴转多云,北风~南风,4-5级,-9.5,11
2013-02-12,-2,-9,中雪转小雪,西南风~西北风,4-5级,-5.5,7
2013-02-13,2,-10,多云,西南风~东北风,4-5级,-4.0,12
2013-02-14,-2,-10,多云,北风,4-5级,-6.0,8
2013-02-15,-3,-10,雾转晴,北风,4-5级,-6.5,7
2013-02-16,3,-10,晴转雨夹雪,南风,4-5级~5-6级,-3.5,13
2013-02-17,3,-9,小雪转晴,南风~北风,5-6级,-3.0,12
2013-02-18,-2,-8,多云,北风,5-6级,-5.0,6
2013-02-19,-3,-11,晴,西北风~南风,4-5级,-7.0,8
2013-02-20,-1,-11,晴,北风~南风,4-5级,-6.0,10
2013-02-21,1,-12,晴转多云,北风~西南风,4-5级,-5.5,13
2013-02-22,-2,-8,多云转晴,西南风~西北风,4-5级~5-6级,-5.0,6
2013-02-23,3,-7,晴,西南风~西风,4-5级,-2.0,10
2013-02-24,4,-6,多云转雨夹雪,东南风~东风,4-5级,-1.0,10
2013-02-25,2,-6,雨夹雪转多云,东风~东南风,4-5级,-2.0,8
2013-02-26,5,-2,雨夹雪转晴,南风~西北风,4-5级,1.5,7
2013-02-27,7,-1,晴,西北风~西南风,4-5级,3.0,8
2013-02-28,4,-2,多云转雨夹雪,南风~北风,5-6级,1.0,6
2013-01-01,-10,-17,多云,西北风,5-6级,-13.5,7
2013-01-02,-11,-18,多云,北风,5-6级,-14.5,7
2013-01-03,-8,-20,晴,西北风,5-6级~4-5级,-14.0,12
2013-01-04,-5,-17,晴转多云,西北风~西风,4-5级,-11.0,12
2013-01-05,-5,-15,晴,西风~北风,4-5级,-10.0,10
2013-01-06,-3,-14,晴转多云,北风~西风,4-5级,-8.5,11
2013-01-07,-4,-11,多云,西风~北风,4-5级,-7.5,7
2013-01-08,-4,-15,多云,北风,5-6级,-9.5,11
2013-01-09,-7,-18,多云转晴,西北风,4-5级,-12.5,11
2013-01-10,-3,-17,晴,北风~西南风,4-5级,-10.0,14
2013-01-11,-2,-11,多云转小雪,西南风,4-5级,-6.5,9
2013-01-12,-2,-13,小雪转多云,西北风~北风,4-5级,-7.5,11
2013-01-13,0,-9,晴,东风~西北风,4-5级~5-6级,-4.5,9
2013-01-14,-2,-10,雾转晴,西风~北风,4-5级~5-6级,-6.0,8
2013-01-15,-6,-13,晴转多云,东北风,4-5级,-9.5,7
2013-01-16,-6,-18,多云转晴,北风,5-6级,-12.0,12
2013-01-17,-8,-17,晴,北风,5-6级,-12.5,9
2013-01-18,-1,-13,晴,北风~西风,4-5级,-7.0,12
2013-01-19,-2,-13,晴,东北风~东风,4-5级,-7.5,11
2013-01-20,1,-10,晴转多云,东北风~东风,4-5级,-4.5,11
2013-01-21,-4,-9,小到中雪转小雪,东南风~北风,4-5级~5-6级,-6.5,5
2013-01-22,-3,-13,晴,北风~西南风,5-6级~4-5级,-8.0,10
2013-01-23,0,-12,晴转多云,西北风~西南风,4-5级,-6.0,12
2013-01-24,-3,-11,多云转晴,西风~北风,4-5级~5-6级,-7.0,8
2013-01-25,-5,-15,晴,西北风~东北风,4-5级,-10.0,10
2013-01-26,-5,-16,晴,北风,4-5级,-10.5,11
2013-01-27,-4,-12,晴,北风~西南风,4-5级,-8.0,8
2013-01-28,1,-10,晴转多云,西南风~北风,4-5级,-4.5,11
2013-01-29,0,-4,多云,东风~东南风,4-5级,-2.0,4
2013-01-30,4,-4,多云,南风,4-5级,0.0,8
2013-01-31,2,-4,多云转小雨,南风,4-5级~5-6级,-1.0,6
2012-12-01,0,-7,多云转小雪,东北风~西南风,4-5级,-3.5,7
2012-12-02,5,-2,多云转大到暴雪,西南风~北风,5-6级~6-7级,1.5,7
2012-12-03,3,-6,大到暴雪转多云,西南风~北风,5-6级~6-7级,-1.5,9
2012-12-04,-1,-8,晴转小雪,西南风~西北风,4-5级,-4.5,7
2012-12-05,0,-10,中雪转小雪,西南风~西北风,4-5级~5-6级,-5.0,10
2012-12-06,-4,-13,多云,西北风~北风,6-7级~4-5级,-8.5,9
2012-12-07,-2,-11,小到中雪转小雪,南风~北风,4-5级~5-6级,-6.5,9
2012-12-08,-3,-13,晴转多云,西北风转北风4-5级,西北风转北风4-5级,-8.0,10
2012-12-09,-3,-13,晴转多云,西北风转北风4-5级,西北风转北风4-5级,-8.0,10
2012-12-10,-4,-11,晴,北风,4-5级,-7.5,7
2012-12-11,-4,-11,晴,北风,4-5级,-7.5,7
2012-12-12,0,-10,晴,西北风~南风,4-5级,-5.0,10
2012-12-13,3,-4,晴转雨夹雪,南风~东南风,4-5级,-0.5,7
2012-12-14,2,-4,小雨转雨夹雪,东南风~东北风,5-6级,-1.0,6
2012-12-15,2,-5,多云转晴,东北风,5-6级~4-5级,-1.5,7
2012-12-16,-3,-10,晴,北风,4-5级~5-6级,-6.5,7
2012-12-17,-4,-12,晴,北风,5-6级,-8.0,8
2012-12-18,-7,-12,晴,北风,5-6级~4-5级,-9.5,5
2012-12-19,-2,-13,晴转多云,北风~西风,5-6级~4-5级,-7.5,11
2012-12-20,-2,-11,多云,西北风~东南风,4-5级,-6.5,9
2012-12-21,-1,-7,小雪转多云,南风~北风,4-5级~5-6级,-4.0,6
2012-12-22,-11,-18,晴转多云,北风,6-7级,-14.5,7
2012-12-23,-13,-17,晴转多云,北风,6-7级~5-6级,-15.0,4
2012-12-24,-5,-18,小雪,西风~西北风,5-6级,-11.5,13
2012-12-25,-9,-15,晴,北风,5-6级~4-5级,-12.0,6
2012-12-26,-4,-17,晴,北风~西风,4-5级,-10.5,13
2012-12-27,-3,-13,多云,西风~西南风,4-5级,-8.0,10
2012-12-28,1,-8,晴转多云,南风~西南风,4-5级,-3.5,9
2012-12-29,-2,-8,中到大雪转小雪,西南风~北风,4-5级~6-7级,-5.0,6
2012-12-30,-8,-16,晴,北风,6-7级~5-6级,-12.0,8
2012-12-31,-5,-14,晴转多云,西风~西北风,4-5级,-9.5,9
2012-11-01,9,1,晴,北风~东风,4-5级,5.0,8
2012-11-02,11,0,晴,东南风,4-5级,5.5,11
2012-11-03,13,5,晴转阴,东南风,4-5级~5-6级,9.0,8
2012-11-04,12,5,中雨,东南风~西南风,5-6级,8.5,7
2012-11-05,9,4,中雨转雨夹雪,西南风~北风,4-5级~5-6级,6.5,5
2012-11-06,7,-1,雨夹雪转晴,北风,5-6级,3.0,8
2012-11-07,12,3,晴,北风,4-5级,7.5,9
2012-11-08,10,0,多云转晴,西北风~北风,4-5级,5.0,10
2012-11-09,12,3,晴,东北风~东风,4-5级,7.5,9
2012-11-10,12,3,多云转小雨,东南风,4-5级,7.5,9
2012-11-11,10,1,大到暴雨转小雪,西北风,6-7级,5.5,9
2012-11-12,4,-3,多云,西北风,6-7级~5-6级,0.5,7
2012-11-13,5,-4,多云,西北风,5-6级,0.5,9
2012-11-14,5,-3,多云转晴,西北风,5-6级~4-5级,1.0,8
2012-11-15,5,-2,晴转多云,北风~西南风,4-5级,1.5,7
2012-11-16,6,0,雨夹雪,西风~西北风,4-5级,3.0,6
2012-11-17,6,-2,多云转晴,西北风~北风,4-5级,2.0,8
2012-11-18,7,-2,晴转多云,西北风~西南风,4-5级,2.5,9
2012-11-19,4,-4,晴,西北风,5-6级~4-5级,0.0,8
2012-11-20,7,-3,晴,西北风~西南风,4-5级,2.0,10
2012-11-21,7,-2,晴,西南风,4-5级,2.5,9
2012-11-22,4,-6,多云,北风,5-6级,-1.0,10
2012-11-23,2,-6,多云转晴,北风,5-6级~4-5级,-2.0,8
2012-11-24,6,-4,晴转多云,西风~西南风,4-5级,1.0,10
2012-11-25,6,-8,雨夹雪转阴,西南风~西北风,4-5级~5-6级,-1.0,14
2012-11-26,4,-3,阴转晴,西北风,5-6级,0.5,7
2012-11-27,8,-4,晴转多云,西南风,4-5级~5-6级,2.0,12
2012-11-28,6,-3,多云转晴,西南风~西北风,5-6级~6-7级,1.5,9
2012-11-29,5,-6,晴,西北风,4-5级,-0.5,11
2012-11-30,-1,-10,晴,东北风,5-6级~4-5级,-5.5,9
2012-10-01,21,10,晴,北风~西北风,4-5级,15.5,11
2012-10-02,24,9,晴,西北风~南风,4-5级,16.5,15
2012-10-03,23,9,晴转多云,西南风,4-5级,16.0,14
2012-10-04,22,11,阵雨转晴,北风,4-5级,16.5,11
2012-10-05,23,12,晴转多云,西北风~西风,4-5级,17.5,11
2012-10-06,24,8,多云转晴,西风~北风,4-5级,16.0,16
2012-10-07,23,8,晴,北风~西南风,4-5级,15.5,15
2012-10-08,23,9,晴,南风,4-5级,16.0,14
2012-10-09,20,11,多云转阵雨,南风,4-5级,15.5,9
2012-10-10,17,8,雷阵雨转晴,北风,5-6级,12.5,9
2012-10-11,20,6,晴,西风~西南风,4-5级,13.0,14
2012-10-12,21,11,晴,西南风,4-5级,16.0,10
2012-10-13,19,12,晴,西南风~西北风,4-5级,15.5,7
2012-10-14,17,5,晴,西北风,4-5级~5-6级,11.0,12
2012-10-15,17,5,晴,东北风~东南风,4-5级,11.0,12
2012-10-16,16,7,多云转阵雨,南风,4-5级,11.5,9
2012-10-17,14,5,阵雨转晴,西北风,5-6级,9.5,9
2012-10-18,18,5,晴,西北风~西风,4-5级,11.5,13
2012-10-19,19,6,晴,西南风~南风,4-5级,12.5,13
2012-10-20,20,8,晴,西风~东北风,4-5级,14.0,12
2012-10-21,16,4,晴转多云,东北风~东南风,4-5级,10.0,12
2012-10-22,14,6,中雨转多云,西北风,5-6级,10.0,8
2012-10-23,17,2,晴,北风~西风,5-6级~4-5级,9.5,15
2012-10-24,19,5,晴,西南风,4-5级,12.0,14
2012-10-25,20,7,晴,西南风~北风,4-5级,13.5,13
2012-10-26,19,8,晴转多云,南风~东南风,4-5级,13.5,11
2012-10-27,16,8,中到大雨转阵雨,东南风~北风,4-5级~5-6级,12.0,8
2012-10-28,11,4,晴,北风,5-6级,7.5,7
2012-10-29,10,1,晴转阴,北风,4-5级~5-6级,5.5,9
2012-10-30,6,-1,阴转晴,北风~西风,5-6级~4-5级,2.5,7
2012-10-31,7,-1,小雨转多云,西风~北风,4-5级~5-6级,3.0,8
2012-09-01,30,20,晴,南风~西南风,4-5级,25.0,10
2012-09-02,27,19,多云转阵雨,南风,4-5级,23.0,8
2012-09-03,23,19,阵雨,南风~西北风,4-5级,21.0,4
2012-09-04,24,15,多云转晴,西北风,4-5级,19.5,9
2012-09-05,26,13,晴,西北风~西南风,4-5级,19.5,13
2012-09-06,27,15,晴,西南风,4-5级,21.0,12
2012-09-07,23,16,阵雨转小雨,南风,4-5级,19.5,7
2012-09-08,25,18,阴转多云,东风~东南风,4-5级,21.5,7
2012-09-09,26,17,晴,北风,3-4级,21.5,9
2012-09-10,27,17,晴,南风,4-5级,22.0,10
2012-09-11,24,17,多云转阵雨,东南风~南风,4-5级,20.5,7
2012-09-12,23,17,阵雨转雷阵雨,南风~东北风,4-5级,20.0,6
2012-09-13,23,14,多云转晴,北风,4-5级,18.5,9
2012-09-14,24,14,晴,北风~西北风,4-5级,19.0,10
2012-09-15,25,11,晴,北风,4-5级,18.0,14
2012-09-16,25,11,晴,东北风,4-5级,18.0,14
2012-09-17,25,11,晴,北风,5-6级~6-7级,18.0,14
2012-09-18,25,14,晴,北风~西北风,6-7级~4-5级,19.5,11
2012-09-19,25,14,多云转晴,西北风,4-5级,19.5,11
2012-09-20,25,16,晴,北风~南风,小于3级,20.5,9
2012-09-21,26,14,雾转阵雨,南风,4-5级,20.0,12
2012-09-22,23,15,阵雨,南风,4-5级,19.0,8
2012-09-23,24,15,晴,北风,4-5级,19.5,9
2012-09-24,26,15,晴,东北风,4-5级,20.5,11
2012-09-25,24,15,多云转阵雨,东南风~南风,4-5级,19.5,9
2012-09-26,23,14,阵雨,南风~东风,4-5级,18.5,9
2012-09-27,22,15,多云转雷阵雨,南风~西南风,4-5级,18.5,7
2012-09-28,18,14,中到大雨转雷阵雨,西风~北风,5-6级~6-7级,16.0,4
2012-09-29,18,7,多云转晴,北风,6-7级~5-6级,12.5,11
2012-09-30,21,9,晴,北风,5-6级,15.0,12
2012-08-01,27,22,雷阵雨转阵雨,东风~东南风,5-6级~4-5级,24.5,5
2012-08-02,28,22,多云,东风,4-5级,25.0,6
2012-08-03,27,23,小雨转大雨,东南风,4-5级~5-6级,25.0,4
2012-08-04,27,23,大到暴雨转阵雨,东南风~南风,5-6级~4-5级,25.0,4
2012-08-05,31,24,多云,东北风,4-5级,27.5,7
2012-08-06,30,22,晴转多云,北风~东南风,4-5级,26.0,8
2012-08-07,30,23,多云,东风~东南风,4-5级,26.5,7
2012-08-08,30,23,晴转阵雨,南风~东风,3-4级~4-5级,26.5,7
2012-08-09,29,23,阵雨转多云,东风,4-5级,26.0,6
2012-08-10,31,22,多云转晴,东北风~东南风,4-5级,26.5,9
2012-08-11,30,21,晴转多云,东风~东南风,4-5级,25.5,9
2012-08-12,27,20,阵雨转晴,东北风,4-5级,23.5,7
2012-08-13,30,19,晴,东北风,4-5级,24.5,11
2012-08-14,28,19,晴转多云,东北风,4-5级,23.5,9
2012-08-15,27,19,阵雨转多云,南风~北风,4-5级,23.0,8
2012-08-16,28,18,晴,北风~东南风,4-5级,23.0,10
2012-08-17,28,18,多云转阵雨,南风,4-5级,23.0,10
2012-08-18,25,18,阵雨,西南风~南风,4-5级,21.5,7
2012-08-19,27,18,阵雨转多云,东北风~南风,4-5级,22.5,9
2012-08-20,29,19,多云,东北风~南风,4-5级,24.0,10
2012-08-21,25,17,阵雨转多云,东北风,4-5级,21.0,8
2012-08-22,26,15,晴,东北风,4-5级,20.5,11
2012-08-23,28,15,晴,北风~南风,4-5级,21.5,13
2012-08-24,26,13,晴转多云,东南风~东风,4-5级,19.5,13
2012-08-25,26,15,多云,北风~南风,4-5级,20.5,11
2012-08-26,26,18,多云,南风~东南风,4-5级,22.0,8
2012-08-27,27,19,多云,东南风~东风,4-5级,23.0,8
2012-08-28,27,19,阵雨转大到暴雨,东北风,5-6级~8-9级,23.0,8
2012-08-29,27,18,中到大雨转多云,西北风~西南风,7-8级~4-5级,22.5,9
2012-08-30,30,20,晴,西南风~北风,4-5级,25.0,10
2012-08-31,30,20,晴,西南风~南风,4-5级,25.0,10
2012-07-01,30,19,晴转多云,西南风~南风,4-5级,24.5,11
2012-07-02,29,20,雷阵雨转晴,南风,4-5级,24.5,9
2012-07-03,28,20,多云,南风~东南风,4-5级,24.0,8
2012-07-04,28,20,多云转阴,东南风,4-5级,24.0,8
2012-07-05,26,20,阴转多云,东风~西北风,4-5级,23.0,6
2012-07-06,30,21,晴,西北风~西风,4-5级,25.5,9
2012-07-07,30,20,晴,西风~南风,4-5级,25.0,10
2012-07-08,28,21,多云,南风,4-5级,24.5,7
2012-07-09,24,20,阵雨,东南风,4-5级,22.0,4
2012-07-10,23,19,大到暴雨,东南风~北风,5-6级,21.0,4
2012-07-11,24,19,阵雨,西北风~东风,4-5级,21.5,5
2012-07-12,27,20,阵雨转多云,东风~东北风,4-5级,23.5,7
2012-07-13,30,20,多云,东北风~东风,4-5级,25.0,10
2012-07-14,30,20,多云,东北风,4-5级,25.0,10
2012-07-15,28,20,多云,东北风,4-5级,24.0,8
2012-07-16,30,20,晴,东北风~东南风,4-5级,25.0,10
2012-07-17,27,20,多云转阵雨,南风,4-5级,23.5,7
2012-07-18,25,20,小雨,东风~北风,4-5级,22.5,5
2012-07-19,29,21,多云,东北风~西南风,4-5级,25.0,8
2012-07-20,30,21,晴,南风,4-5级,25.5,9
2012-07-21,29,22,多云转阴,南风~东南风,4-5级,25.5,7
2012-07-22,26,22,中到大雨转暴雨,南风,5-6级,24.0,4
2012-07-23,28,22,中到大雨转多云,南风,5-6级~4-5级,25.0,6
2012-07-24,31,22,阵雨,南风,4-5级,26.5,9
2012-07-25,30,22,阵雨,南风,4-5级,26.0,8
2012-07-26,29,23,多云转阵雨,南风,4-5级,26.0,6
2012-07-27,29,23,多云,南风,4-5级,26.0,6
2012-07-28,30,22,多云转大到暴雨,南风,5-6级,26.0,8
2012-07-29,30,23,中到大雨转雷阵雨,西南风,5-6级~4-5级,26.5,7
2012-07-30,30,23,多云,西南风,3-4级,26.5,7
2012-07-31,30,23,晴转多云,东风,4-5级,26.5,7
2012-06-01,26,14,多云转阵雨,南风,4-5级,20.0,12
2012-06-02,23,15,多云,南风,4-5级,19.0,8
2012-06-03,24,15,多云转阵雨,南风,4-5级,19.5,9
2012-06-04,26,16,多云转晴,南风~西南风,4-5级,21.0,10
2012-06-05,28,16,晴,西南风,4-5级,22.0,12
2012-06-06,27,16,晴转多云,南风,4-5级,21.5,11
2012-06-07,24,16,阵雨,南风,4-5级,20.0,8
2012-06-08,25,16,多云,南风,4-5级,20.5,9
2012-06-09,26,16,晴转多云,南风,4-5级,21.0,10
2012-06-10,21,16,雷阵雨,东南风~南风,4-5级,18.5,5
2012-06-11,24,17,多云,南风,4-5级,20.5,7
2012-06-12,24,15,多云转阵雨,南风~东南风,4-5级,19.5,9
2012-06-13,24,17,雾转雷阵雨,东南风,4-5级~5-6级,20.5,7
2012-06-14,21,17,中雨转大到暴雨,东南风,5-6级,19.0,4
2012-06-15,23,17,阴转多云,东南风~南风,4-5级,20.0,6
2012-06-16,27,17,雾转晴,西南风,4-5级,22.0,10
2012-06-17,28,17,晴,西南风,5-6级,22.5,11
2012-06-18,26,19,雷阵雨转晴,南风~东南风,4-5级,22.5,7
2012-06-19,27,18,雾转晴,东南风~南风,4-5级,22.5,9
2012-06-20,26,18,多云,南风~东南风,4-5级,22.0,8
2012-06-21,26,18,多云,东南风,4-5级,22.0,8
2012-06-22,25,19,阵雨转雷阵雨,东南风~南风,4-5级,22.0,6
2012-06-23,26,19,雷阵雨转多云,东南风,4-5级,22.5,7
2012-06-24,25,19,多云转晴,东南风,4-5级,22.0,6
2012-06-25,27,18,多云,东南风,4-5级,22.5,9
2012-06-26,27,18,多云,东南风,4-5级,22.5,9
2012-06-27,27,18,多云,东南风,4-5级,22.5,9
2012-06-28,26,18,晴转多云,东南风,4-5级,22.0,8
2012-06-29,22,18,阵雨转中到大雨,东南风~东风,4-5级,20.0,4
2012-06-30,27,19,多云转晴,西北风~西南风,4-5级,23.0,8
2012-05-01,24,11,多云,南风~东北风,4-5级,17.5,13
2012-05-02,25,14,多云转晴,西北风,4-5级,19.5,11
2012-05-03,25,14,晴,西北风,4-5级,19.5,11
2012-05-04,28,14,晴,北风~西风,4-5级,21.0,14
2012-05-05,25,14,晴,北风,4-5级,19.5,11
2012-05-06,26,11,晴,北风~西风,4-5级,18.5,15
2012-05-07,24,12,晴转多云,东南风,4-5级,18.0,12
2012-05-08,25,12,多云转晴,东南风~东风,4-5级,18.5,13
2012-05-09,25,12,晴,东北风~西南风,4-5级,18.5,13
2012-05-10,25,14,多云转晴,南风,4-5级,19.5,11
2012-05-11,24,13,晴转多云,东风~东南风,4-5级,18.5,11
2012-05-12,17,11,雾转阵雨,东南风~南风,4-5级,14.0,6
2012-05-13,18,11,阵雨转多云,南风,4-5级,14.5,7
2012-05-14,21,11,阵雨,南风~西风,4-5级,16.0,10
2012-05-15,23,12,晴,西风,4-5级,17.5,11
2012-05-16,23,11,晴转多云,西风,4-5级,17.0,12
2012-05-17,27,11,阵雨转晴,西北风~西风,5-6级~4-5级,19.0,16
2012-05-18,25,14,晴,南风,4-5级~5-6级,19.5,11
2012-05-19,25,12,晴,东南风~南风,4-5级,18.5,13
2012-05-20,23,12,晴,东南风~南风,4-5级,17.5,11
2012-05-21,25,13,晴,南风,4-5级,19.0,12
2012-05-22,23,12,多云,南风,4-5级,17.5,11
2012-05-23,26,13,多云转晴,西南风,4-5级,19.5,13
2012-05-24,26,13,晴,西南风~西风,3-4级,19.5,13
2012-05-25,27,13,晴,西南风,4-5级,20.0,14
2012-05-26,27,14,多云转晴,西南风,4-5级~5-6级,20.5,13
2012-05-27,25,14,晴,东风,4-5级,19.5,11
2012-05-28,27,14,晴,东南风~南风,4-5级,20.5,13
2012-05-29,24,15,雾转多云,南风,4-5级,19.5,9
2012-05-30,22,15,阴转阵雨,南风~东南风,4-5级,18.5,7
2012-05-31,25,14,晴,南风,4-5级,19.5,11
2012-04-01,19,7,晴,南风~西南风,4-5级,13.0,12
2012-04-02,17,9,晴,南风~西南风,4-5级,13.0,8
2012-04-03,18,8,晴,南风~西南风,4-5级,13.0,10
2012-04-04,20,6,晴,南风~西南风,4-5级,13.0,14
2012-04-05,20,6,晴,南风~西南风,4-5级,13.0,14
2012-04-06,20,6,晴,南风~西南风,4-5级,13.0,14
2012-04-07,20,6,晴,南风~西南风,4-5级,13.0,14
2012-04-08,19,7,晴,南风~西南风,4-5级,13.0,12
2012-04-09,18,8,晴,南风~西南风,4-5级,13.0,10
2012-04-10,19,7,晴,南风~西南风,4-5级,13.0,12
2012-04-11,17,9,晴,南风~西南风,4-5级,13.0,8
2012-04-12,19,7,晴,南风~西南风,4-5级,13.0,12
2012-04-13,18,6,晴,南风~西南风,4-5级,12.0,12
2012-04-14,18,5,晴,南风~西南风,5-6级,11.5,13
2012-04-15,15,4,晴转多云,西南风,5-6级~4-5级,9.5,11
2012-04-16,18,5,多云转晴,北风,5-6级~4-5级,11.5,13
2012-04-17,18,5,晴,西北风~西南风,4-5级~5-6级,11.5,13
2012-04-18,19,7,晴,南风,5-6级,13.0,12
2012-04-19,13,6,多云,南风~东南风,4-5级,9.5,7
2012-04-20,13,7,多云,东南风,4-5级,10.0,6
2012-04-21,14,6,阴转小到中雨,东风~东北风,4-5级~5-6级,10.0,8
2012-04-22,14,7,小到中雨转多云,东北风~西南风,5-6级~4-5级,10.5,7
2012-04-23,12,7,晴,西南风~南风,4-5级,9.5,5
2012-04-24,13,7,晴转小雨,东南风,4-5级~5-6级,10.0,6
2012-04-25,16,7,中雨转雷阵雨,东南风~北风,5-6级~6-7级,11.5,9
2012-04-26,18,6,晴,西北风~西南风,5-6级~4-5级,12.0,12
2012-04-27,17,7,晴转多云,西南风~西风,5-6级,12.0,10
2012-04-28,17,8,多云转晴,西风~西北风,5-6级~4-5级,12.5,9
2012-04-29,15,8,浮尘转雾,东风~东南风,4-5级,11.5,7
2012-04-30,21,12,多云转晴,东风~东南风,4-5级,16.5,9
2012-03-01,3,-8,多云,东北风,5-6级,-2.5,11
2012-03-02,3,-6,晴,东北风,5-6级~4-5级,-1.5,9
2012-03-03,2,-5,多云,东北风~东南风,4-5级,-1.5,7
2012-03-04,5,-4,小雨~雨夹雪,东风~东南风,4-5级,0.5,9
2012-03-05,3,-4,雨夹雪~大雪,东风~东北风,4-5级~5-6级,-0.5,7
2012-03-06,1,-3,小雪~晴,西北风,5-6级~4-5级,-1.0,4
2012-03-07,5,-7,晴,西南风~北风,4-5级,-1.0,12
2012-03-08,2,-7,多云~晴,北风,5-6级~4-5级,-2.5,9
2012-03-09,1,-6,晴,北风~西风,4-5级,-2.5,7
2012-03-10,2,-8,多云~晴,西风~北风,4-5级~5-6级,-3.0,10
2012-03-11,-1,-8,晴,西北风,5-6级~4-5级,-4.5,7
2012-03-12,5,-4,晴,西风~西南风,4-5级,0.5,9
2012-03-13,6,-4,晴,西南风~东北风,4-5级,1.0,10
2012-03-14,8,-1,晴,东北风~东南风,4-5级,3.5,9
2012-03-15,6,-3,晴~阴,东南风,4-5级,1.5,9
2012-03-16,4,-2,小雨~阴,东南风~东北风,4-5级,1.0,6
2012-03-17,3,-7,雾~多云,东北风~北风,4-5级~5-6级,-2.0,10
2012-03-18,-1,-6,晴,北风,5-6级~4-5级,-3.5,5
2012-03-19,4,-5,多云~晴,西北风,4-5级,-0.5,9
2012-03-20,7,-3,晴,西北风~西南风,4-5级,2.0,10
2012-03-21,8,-2,晴~多云,西南风~西风,4-5级,3.0,10
2012-03-22,8,1,雾,东北风~西北风,4-5级,4.5,7
2012-03-23,6,-2,小雨~多云,西北风,4-5级~5-6级,2.0,8
2012-03-24,5,-2,晴,西北风,5-6级~4-5级,1.5,7
2012-03-25,8,0,晴,西北风~西南风,4-5级,4.0,8
2012-03-26,11,0,晴,南风~西南风,4-5级,5.5,11
2012-03-27,14,1,晴,南风~北风,4-5级,7.5,13
2012-03-28,15,2,晴~多云,南风,4-5级~5-6级,8.5,13
2012-03-29,11,-3,小雨~多云,西南风~西北风,5-6级,4.0,14
2012-03-30,9,0,多云~晴,西北风,5-6级,4.5,9
2012-03-31,10,1,晴,西北风,5-6级~4-5级,5.5,9
2012-02-01,-12,-17,晴,北风~西北风,5-6级~4-5级,-14.5,5
2012-02-02,-8,-14,晴,北风~西北风,5-6级~4-5级,-11.0,6
2012-02-03,-1,-12,晴,西风~西北风,4-5级,-6.5,11
2012-02-04,0,-12,晴~多云,西北风~西南风,4-5级,-6.0,12
2012-02-05,2,-9,多云,西南风~西北风,4-5级,-3.5,11
2012-02-06,-2,-17,多云,北风,6-7级,-9.5,15
2012-02-07,-7,-15,晴,西北风,5-6级,-11.0,8
2012-02-08,-3,-14,晴,西北风,5-6级~4-5级,-8.5,11
2012-02-09,-1,-12,晴,西北风~东北风,4-5级,-6.5,11
2012-02-10,1,-7,晴,北风~西南风,4-5级,-3.0,8
2012-02-11,0,-9,晴,北风~东南风,4-5级,-4.5,9
2012-02-12,2,-9,多云,南风,4-5级,-3.5,11
2012-02-13,3,-6,多云,西南风,4-5级,-1.5,9
2012-02-14,-1,-14,多云~晴,北风,4-5级~5-6级,-7.5,13
2012-02-15,-1,-12,晴,西北风,4-5级,-6.5,11
2012-02-16,-3,-12,晴,西北风,4-5级~5-6级,-7.5,9
2012-02-17,-4,-11,晴,西北风,5-6级~4-5级,-7.5,7
2012-02-18,-2,-11,晴,西北风~西风,4-5级,-6.5,9
2012-02-19,4,-6,晴,西南风,4-5级,-1.0,10
2012-02-20,5,-7,晴,西南风~东北风,4-5级,-1.0,12
2012-02-21,6,-5,晴,南风,4-5级,0.5,11
2012-02-22,4,-7,多云,南风~东北风,4-5级~5-6级,-1.5,11
2012-02-23,-1,-8,晴,北风,5-6级~4-5级,-4.5,7
2012-02-24,1,-10,多云~晴,北风,4-5级~5-6级,-4.5,11
2012-02-25,-3,-10,晴,北风,5-6级~4-5级,-6.5,7
2012-02-26,1,-8,晴,西北风~西南风,4-5级,-3.5,9
2012-02-27,3,-2,晴,南风,4-5级,0.5,5
2012-02-28,6,-7,多云,南风,4-5级,-0.5,13
2012-02-29,6,-6,多云,南风~东北风,4-5级,0.0,12
2012-01-01,-4,-10,晴,北风,5-6级~4-5级,-7.0,6
2012-01-02,-3,-11,阵雪,北风~西风,4-5级,-7.0,8
2012-01-03,-5,-13,晴,北风,5-6级,-9.0,8
2012-01-04,-4,-10,晴,西北风,5-6级~4-5级,-7.0,6
2012-01-05,-1,-12,晴~多云,西风~东北风,4-5级~5-6级,-6.5,11
2012-01-06,-4,-12,晴,北风,5-6级~4-5级,-8.0,8
2012-01-07,-2,-12,晴,北风~西风,4-5级,-7.0,10
2012-01-08,1,-10,小雪~晴,西北风,4-5级,-4.5,11
2012-01-09,-1,-11,晴,西北风~北风,4-5级,-6.0,10
2012-01-10,-3,-14,晴,北风~东北风,5-6级,-8.5,11
2012-01-11,-7,-12,晴,北风~西风,5-6级~4-5级,-9.5,5
2012-01-12,3,-8,晴,西风~北风,4-5级,-2.5,11
2012-01-13,3,-8,晴,西北风~西风,4-5级,-2.5,11
2012-01-14,2,-9,晴,西北风~北风,4-5级,-3.5,11
2012-01-16,3,-2,晴,南风,4-5级,0.5,5
2012-01-17,3,-5,多云,北风~东北风,4-5级,-1.0,8
2012-01-18,1,-6,多云,东北风~北风,4-5级,-2.5,7
2012-01-19,0,-7,多云,北风,4-5级~5-6级,-3.5,7
2012-01-20,-6,-13,阴,东北风,5-6级~6-7级,-9.5,7
2012-01-21,-9,-16,多云~晴,东北风~北风,6-7级~5-6级,-12.5,7
2012-01-22,-10,-15,晴,北风,5-6级~4-5级,-12.5,5
2012-01-23,-8,-16,晴,西北风,4-5级,-12.0,8
2012-01-24,-4,-16,晴,西北风,4-5级~5-6级,-10.0,12
2012-01-25,-2,-13,晴~多云,西北风~西风,5-6级~4-5级,-7.5,11
2012-01-26,1,-10,晴,西风~北风,4-5级,-4.5,11
2012-01-27,-3,-11,晴,东北风,4-5级,-7.0,8
2012-01-28,-4,-13,晴,东北风,4-5级,-8.5,9
2012-01-29,-5,-14,晴,东北风,4-5级,-9.5,9
2012-01-30,-4,-11,晴~多云,东北风~东南风,4-5级,-7.5,7
2012-01-31,-5,-17,小雪~晴,西南风~北风,4-5级~5-6级,-11.0,12
2011-12-01,1,-8,晴,西北风,5-6级~4-5级,-3.5,9
2011-12-02,3,-6,晴~多云,北风,4-5级~5-6级,-1.5,9
2011-12-03,3,-4,多云~晴,北风,5-6级~4-5级,-0.5,7
2011-12-04,3,-6,晴,北风~东风,4-5级,-1.5,9
2011-12-05,4,-3,多云~雨夹雪,东北风~东南风,4-5级,0.5,7
2011-12-06,4,-3,雨夹雪~小雪,东南风~东北风,4-5级,0.5,7
2011-12-07,-1,-9,小雪~多云,东北风,5-6级~6-7级,-5.0,8
2011-12-08,-5,-11,晴,北风,6-7级,-8.0,6
2011-12-09,-2,-9,晴,西北风,5-6级,-5.5,7
2011-12-10,0,-11,晴,西北风,5-6级~4-5级,-5.5,11
2011-12-11,5,-4,晴,西北风~东北风,4-5级,0.5,9
2011-12-12,6,-5,晴,东北风~西南风,4-5级,0.5,11
2011-12-13,6,-5,多云,南风~西北风,4-5级,0.5,11
2011-12-14,-1,-9,晴,西北风,5-6级,-5.0,8
2011-12-15,-4,-10,晴,北风,5-6级,-7.0,6
2011-12-16,-1,-9,晴,北风~西北风,5-6级~4-5级,-5.0,8
2011-12-17,0,-8,晴,西北风~北风,4-5级,-4.0,8
2011-12-18,3,-10,晴,西北风,4-5级,-3.5,13
2011-12-19,1,-10,晴,西北风,4-5级,-4.5,11
2011-12-20,3,-7,晴~多云,西北风,4-5级,-2.0,10
2011-12-21,1,-9,晴,西北风~北风,5-6级,-4.0,10
2011-12-22,-4,-11,晴,北风~西南风,5-6级~4-5级,-7.5,7
2011-12-23,-4,-12,晴,西南风~北风,4-5级~5-6级,-8.0,8
2011-12-24,-3,-11,多云~晴,北风,5-6级~4-5级,-7.0,8
2011-12-25,-2,-11,晴,东北风~北风,4-5级,-6.5,9
2011-12-26,-1,-12,晴,东北风~西南风,4-5级,-6.5,11
2011-12-27,3,-6,晴~多云,西南风,4-5级,-1.5,9
2011-12-28,3,-12,多云,东北风,5-6级,-4.5,15
2011-12-29,-5,-11,晴,北风,5-6级~4-5级,-8.0,6
2011-12-30,-3,-12,晴~多云,西北风~西南风,4-5级,-7.5,9
2011-12-31,1,-9,多云,西风~北风,4-5级~5-6级,-4.0,10
2011-11-01,16,11,雾~多云,南风~东北风,3-4级,13.5,5
2011-11-02,17,10,多云~晴,东风,4-5级,13.5,7
2011-11-03,17,9,多云~小雨,东北风~东南风,4-5级,13.0,8
2011-11-04,11,4,小雨,东南风~东北风,4-5级~5-6级,7.5,7
2011-11-05,11,4,晴,东北风~北风,5-6级,7.5,7
2011-11-06,11,3,多云~晴,北风,5-6级~4-5级,7.0,8
2011-11-07,12,3,晴,北风,4-5级,7.5,9
2011-11-08,12,3,晴,北风,4-5级,7.5,9
2011-11-09,13,4,晴~多云,北风,4-5级,8.5,9
2011-11-10,15,4,晴~阵雨,北风~西风,4-5级,9.5,11
2011-11-11,16,7,晴,西南风,4-5级,11.5,9
2011-11-12,13,4,多云,西南风~西北风,4-5级~5-6级,8.5,9
2011-11-13,8,-4,晴,北风,5-6级~4-5级,2.0,12
2011-11-14,10,1,晴,北风~南风,4-5级,5.5,9
2011-11-15,13,2,晴~多云,东北风~南风,4-5级,7.5,11
2011-11-16,13,6,多云~小雨,东北风~东风,4-5级,9.5,7
2011-11-17,12,1,小到中雨,东南风,5-6级~4-5级,6.5,11
2011-11-18,10,-1,小雨~多云,东南风~东北风,4-5级~5-6级,4.5,11
2011-11-19,2,-6,晴,北风~西北风,5-6级~4-5级,-2.0,8
2011-11-20,3,-6,晴,北风~西北风,4-5级,-1.5,9
2011-11-21,8,-4,晴,西南风~西风,4-5级,2.0,12
2011-11-22,8,-7,小雨~多云,西南风~北风,4-5级~6-7级,0.5,15
2011-11-23,-1,-7,多云~晴,北风,5-6级~4-5级,-4.0,6
2011-11-24,4,-6,多云~晴,西风~东北风,4-5级,-1.0,10
2011-11-25,8,-2,晴~小雨,东北风~西南风,4-5级,3.0,10
2011-11-26,10,4,阵雨~多云,西南风~北风,4-5级,7.0,6
2011-11-27,9,1,雾~晴,北风,4-5级~5-6级,5.0,8
2011-11-28,4,-4,雾~阴,东北风,4-5级~5-6级,0.0,8
2011-11-29,-1,-8,多云,东北风,6-7级,-4.5,7
2011-11-30,1,-7,多云~晴,东北风,6-7级~5-6级,-3.0,8
2011-10-01,17,5,阴~晴,西北风~东北风,4-5级,11.0,12
2011-10-02,17,6,晴,西北风,5-6级~4-5级,11.5,11
2011-10-03,20,5,晴,西北风~西风,4-5级,12.5,15
2011-10-04,21,8,晴~多云,西南风,4-5级,14.5,13
2011-10-05,18,8,阵雨~多云,西南风~北风,5-6级,13.0,10
2011-10-06,19,9,晴,北风~南风,4-5级,14.0,10
2011-10-07,21,8,晴,南风,4-5级,14.5,13
2011-10-08,20,9,晴~多云,南风~西南风,5-6级,14.5,11
2011-10-09,20,9,阵雨~晴,南风~东北风,4-5级,14.5,11
2011-10-10,20,9,晴,东北风~北风,4-5级,14.5,11
2011-10-11,21,8,晴,西北风~西南风,4-5级,14.5,13
2011-10-12,21,10,晴,西风~西南风,4-5级,15.5,11
2011-10-13,19,10,阵雨,西南风,4-5级~5-6级,14.5,9
2011-10-14,20,12,阵雨~多云,南风~西南风,4-5级,16.0,8
2011-10-15,15,5,雷阵雨~多云,西南风~西北风,4-5级~5-6级,10.0,10
2011-10-16,16,4,晴,西北风,5-6级,10.0,12
2011-10-17,13,4,晴,西北风~南风,5-6级~4-5级,8.5,9
2011-10-18,19,2,晴,南风,4-5级,10.5,17
2011-10-19,18,7,多云~晴,南风,4-5级,12.5,11
2011-10-20,19,8,多云,南风,4-5级,13.5,11
2011-10-21,19,9,晴,东南风~北风,4-5级,14.0,10
2011-10-22,20,10,雾~多云,西南风,4-5级,15.0,10
2011-10-23,17,4,阵雨~小雨,西北风~北风,4-5级~5-6级,10.5,13
2011-10-24,8,-2,晴,北风,6-7级~5-6级,3.0,10
2011-10-25,12,1,晴,北风~西风,5-6级~4-5级,6.5,11
2011-10-26,14,3,晴~多云,西南风,4-5级,8.5,11
2011-10-27,15,8,阵雨~多云,西南风~西北风,4-5级,11.5,7
2011-10-28,18,7,晴,西北风~西南风,4-5级,12.5,11
2011-10-29,17,7,雾~晴,西南风,4-5级,12.0,10
2011-10-30,18,6,雾,西南风,4-5级,12.0,12
2011-10-31,18,9,晴~雾,南风,4-5级,13.5,9
2011-09-01,26,16,雷阵雨~晴,北风,5-6级~4-5级,21.0,10
2011-09-02,29,15,晴,北风~东北风,4-5级,22.0,14
2011-09-03,28,16,晴,北风,4-5级,22.0,12
2011-09-04,28,15,晴,北风,4-5级,21.5,13
2011-09-05,28,14,晴,北风,5-6级~4-5级,21.0,14
2011-09-06,28,14,晴,北风,4-5级,21.0,14
2011-09-07,27,14,晴~多云,北风~西南风,4-5级,20.5,13
2011-09-08,24,15,多云,西北风,4-5级,19.5,9
2011-09-09,25,15,多云~晴,北风~东北风,4-5级,20.0,10
2011-09-10,25,13,多云,东风~东北风,4-5级,19.0,12
2011-09-11,25,13,晴~多云,北风~西南风,4-5级,19.0,12
2011-09-12,25,17,多云~阴,西南风,4-5级,21.0,8
2011-09-13,23,17,多云~小到中雨,南风~东南风,4-5级,20.0,6
2011-09-14,21,18,中雨,东风,5-6级~4-5级,19.5,3
2011-09-15,23,17,阵雨~多云,北风,4-5级,20.0,6
2011-09-16,21,11,多云,北风,5-6级,16.0,10
2011-09-17,17,11,阵雨~多云,北风,5-6级,14.0,6
2011-09-18,21,10,晴,北风,5-6级,15.5,11
2011-09-19,21,10,晴,东北风,5-6级~4-5级,15.5,11
2011-09-20,24,8,晴,北风,4-5级,16.0,16
2011-09-21,24,12,晴,北风~西北风,4-5级,18.0,12
2011-09-22,24,10,晴,北风,4-5级,17.0,14
2011-09-23,25,10,晴,东北风~西南风,4-5级,17.5,15
2011-09-24,26,11,晴,南风,4-5级,18.5,15
2011-09-25,25,14,雾~晴,南风,4-5级,19.5,11
2011-09-26,25,13,雾~晴,南风,4-5级,19.0,12
2011-09-27,25,11,雾~晴,南风,4-5级,18.0,14
2011-09-28,23,11,阴~阵雨,南风~北风,4-5级,17.0,12
2011-09-29,19,12,阵雨~多云,北风,4-5级~5-6级,15.5,7
2011-09-30,15,7,晴,北风,5-6级~4-5级,11.0,8
2011-08-01,28,21,多云,北风~东风,4-5级,24.5,7
2011-08-02,28,21,多云~阵雨,东南风~东风,4-5级,24.5,7
2011-08-03,25,21,小到中雨~雷阵雨,东南风,4-5级,23.0,4
2011-08-04,28,21,多云,东南风,4-5级,24.5,7
2011-08-05,28,21,多云,东南风,4-5级,24.5,7
2011-08-06,28,22,阵雨,东南风,4-5级,25.0,6
2011-08-07,26,21,小到中雨~暴雨,东风,4-5级~8-9级,23.5,5
2011-08-08,25,21,暴雨~阵雨,东北风~西风,8-9级~6-7级,23.0,4
2011-08-09,28,21,阵雨~多云,西风~西南风,4-5级,24.5,7
2011-08-10,30,23,晴,西南风~南风,4-5级,26.5,7
2011-08-11,28,22,多云,东南风,4-5级,25.0,6
2011-08-12,26,22,小雨~阴,东风~东南风,4-5级,24.0,4
2011-08-13,28,23,阵雨~雾,东风~东南风,4-5级,25.5,5
2011-08-14,28,22,多云,东南风,4-5级,25.0,6
2011-08-15,27,21,阵雨,东南风,4-5级,24.0,6
2011-08-16,25,20,大雨~多云,北风,4-5级,22.5,5
2011-08-17,30,18,晴~多云,北风,4-5级,24.0,12
2011-08-18,30,20,阵雨~多云,西北风~西风,4-5级,25.0,10
2011-08-19,27,20,多云,西南风~西北风,4-5级,23.5,7
2011-08-20,29,21,晴,西北风,4-5级,25.0,8
2011-08-21,31,19,晴,西北风~西南风,4-5级,25.0,12
2011-08-22,28,19,多云,西南风~东北风,4-5级,23.5,9
2011-08-23,30,19,晴,东北风,4-5级,24.5,11
2011-08-24,28,18,晴,东风~东南风,4-5级,23.0,10
2011-08-25,28,19,晴,东南风~东风,4-5级,23.5,9
2011-08-26,28,19,晴~多云,东南风,4-5级,23.5,9
2011-08-27,26,19,小雨~中雨,东南风,4-5级,22.5,7
2011-08-28,25,22,中雨,南风,4-5级,23.5,3
2011-08-29,26,21,雷阵雨,南风,4-5级,23.5,5
2011-08-30,28,21,阵雨~晴,南风~西南风,4-5级,24.5,7
2011-08-31,29,20,晴~雷阵雨,西南风~北风,4-5级~5-6级,24.5,9
2011-07-01,23,18,雾~小雨,东南风,4-5级,20.5,5
2011-07-02,21,17,雷阵雨,东南风,4-5级,19.0,4
2011-07-03,29,20,多云~晴,东北风~西北风,4-5级,24.5,9
2011-07-04,32,19,晴,西北风~西南风,4-5级,25.5,13
2011-07-05,31,20,晴~多云,西南风~南风,4-5级,25.5,11
2011-07-06,29,20,多云~阴,南风~东南风,4-5级,24.5,9
2011-07-07,24,18,雷阵雨~阵雨,东南风~南风,4-5级,21.0,6
2011-07-08,28,18,多云~晴,南风,4-5级,23.0,10
2011-07-09,28,19,晴,南风,4-5级,23.5,9
2011-07-10,26,19,多云,东南风,4-5级,22.5,7
2011-07-11,25,20,多云~雾,东南风,4-5级,22.5,5
2011-07-12,24,20,阵雨~中雨,东南风~东风,4-5级~5-6级,22.0,4
2011-07-13,25,18,阵雨,东北风~东南风,4-5级,21.5,7
2011-07-14,29,19,多云,东南风,4-5级,24.0,10
2011-07-15,28,21,多云~雾,西北风~南风,4-5级,24.5,7
2011-07-16,27,20,多云,东南风,4-5级,23.5,7
2011-07-17,26,20,多云~阵雨,东南风~东风,4-5级,23.0,6
2011-07-18,25,20,雷阵雨,东风~东北风,4-5级,22.5,5
2011-07-19,26,20,阵雨~多云,东风~东北风,4-5级,23.0,6
2011-07-20,27,21,阵雨~雷阵雨,东风~东南风,4-5级,24.0,6
2011-07-21,26,22,阵雨~多云,东南风,4-5级,24.0,4
2011-07-22,27,21,多云~阵雨,东南风,4-5级,24.0,6
2011-07-23,27,22,雷阵雨~多云,南风~东南风,4-5级,24.5,5
2011-07-24,28,21,多云~阵雨,东南风,4-5级,24.5,7
2011-07-25,25,22,中到大雨~大到暴雨,东南风,5-6级,23.5,3
2011-07-26,27,22,多云,东南风,4-5级,24.5,5
2011-07-27,28,22,雾~多云,东南风,4-5级,25.0,6
2011-07-28,28,22,多云~晴,南风,4-5级,25.0,6
2011-07-29,29,21,多云,南风~东南风,4-5级,25.0,8
2011-07-30,24,21,大到暴雨,东南风~北风,4-5级~5-6级,22.5,3
2011-07-31,30,21,多云,西北风~北风,4-5级,25.5,9
2011-06-01,25,14,晴,南风,4-5级,19.5,11
2011-06-02,25,14,雾~多云,南风,5-6级,19.5,11
2011-06-03,24,14,多云~晴,南风,4-5级,19.0,10
2011-06-04,24,14,晴,东南风~南风,4-5级,19.0,10
2011-06-05,28,15,晴,南风,4-5级,21.5,13
2011-06-06,23,15,阵雨~雷阵雨,南风,5-6级,19.0,8
2011-06-07,24,15,雾~阵雨,南风,4-5级,19.5,9
2011-06-08,22,15,雷阵雨~多云,东北风~东风,4-5级,18.5,7
2011-06-09,27,15,雾~晴,西北风~南风,4-5级,21.0,12
2011-06-10,24,14,多云,南风,4-5级,19.0,10
2011-06-11,21,14,多云~阵雨,南风,4-5级,17.5,7
2011-06-12,25,16,多云~晴,北风~西北风,4-5级,20.5,9
2011-06-13,28,17,晴,西北风~南风,4-5级,22.5,11
2011-06-14,28,16,晴~多云,南风,4-5级,22.0,12
2011-06-15,24,16,晴~多云,东南风,4-5级,20.0,8
2011-06-16,23,16,多云~阵雨,东南风,4-5级,19.5,7
2011-06-17,26,17,多云,南风~东南风,4-5级,21.5,9
2011-06-18,26,17,晴,东南风,4-5级,21.5,9
2011-06-19,25,17,晴,东南风~西南风,3-4级~4-5级,21.0,8
2011-06-20,28,17,晴,西南风~南风,4-5级,22.5,11
2011-06-21,30,18,晴~多云,西南风~南风,4-5级,24.0,12
2011-06-22,24,17,多云~中雨,东南风~东风,4-5级,20.5,7
2011-06-23,23,17,阵雨~多云,东北风,5-6级~4-5级,20.0,6
2011-06-24,25,18,多云,东北风,4-5级,21.5,7
2011-06-25,25,17,多云~中雨,东北风,4-5级~5-6级,21.0,8
2011-06-26,20,16,暴雨~大到暴雨,东北风,7-8级,18.0,4
2011-06-27,24,17,阴~多云,东北风~南风,5-6级~4-5级,20.5,7
2011-06-28,26,17,阴,南风,4-5级,21.5,9
2011-06-29,24,18,雾~多云,东南风,4-5级,21.0,6
2011-06-30,24,17,雾~多云,东南风,4-5级,20.5,7
2011-05-01,20,8,晴,西北风~西风,5-6级~4-5级,14.0,12
2011-05-02,20,9,晴,西风~北风,4-5级,14.5,11
2011-05-03,21,9,晴,北风~南风,4-5级,15.0,12
2011-05-04,18,8,多云,东南风~南风,4-5级~5-6级,13.0,10
2011-05-05,15,7,多云~阵雨,南风~东南风,5-6级,11.0,8
2011-05-06,15,8,多云,南风~西南风,4-5级,11.5,7
2011-05-07,20,11,雾,西北风~东南风,4-5级,15.5,9
2011-05-08,21,8,雷阵雨~中到大雨,东南风,4-5级~5-6级,14.5,13
2011-05-09,15,8,雷阵雨~多云,东南风~东北风,5-6级~4-5级,11.5,7
2011-05-10,20,12,阵雨~晴,北风,4-5级,16.0,8
2011-05-11,23,10,晴~多云,北风~西风,4-5级~5-6级,16.5,13
2011-05-12,19,10,浮尘~晴,西风~西北风,5-6级,14.5,9
2011-05-13,24,13,晴,西北风~西风,5-6级,18.5,11
2011-05-14,25,12,晴~多云,西风~东北风,4-5级,18.5,13
2011-05-15,23,11,晴,北风,4-5级,17.0,12
2011-05-16,23,11,晴,西北风~南风,4-5级,17.0,12
2011-05-17,21,11,多云~阵雨,南风,5-6级~6-7级,16.0,10
2011-05-18,18,11,阵雨,南风,5-6级~4-5级,14.5,7
2011-05-19,22,12,多云,西北风~南风,4-5级,17.0,10
2011-05-20,22,11,阴~多云,北风,4-5级,16.5,11
2011-05-21,22,12,多云~晴,北风~西风,4-5级,17.0,10
2011-05-22,22,12,晴,西风~西南风,4-5级,17.0,10
2011-05-23,26,13,晴,西南风,4-5级,19.5,13
2011-05-24,25,13,晴~多云,西南风~南风,4-5级,19.0,12
2011-05-25,24,14,多云,南风~东南风,4-5级,19.0,10
2011-05-26,24,13,晴~多云,南风,4-5级,18.5,11
2011-05-27,27,13,晴,西南风,4-5级,20.0,14
2011-05-28,26,14,晴,南风,4-5级,20.0,12
2011-05-29,27,14,晴~多云,南风,4-5级~5-6级,20.5,13
2011-05-30,24,13,雷阵雨~阵雨,南风,5-6级~4-5级,18.5,11
2011-05-31,21,15,阵雨~晴,南风~北风,4-5级,18.0,6
2011-04-01,9,1,多云,东北风~北风,6-7级~5-6级,5.0,8
2011-04-02,10,1,多云~晴,北风~西北风,5-6级~4-5级,5.5,9
2011-04-03,14,0,晴,西北风~西风,4-5级,7.0,14
2011-04-04,15,2,晴,西风~西南风,4-5级,8.5,13
2011-04-05,17,3,晴~多云,南风,4-5级,10.0,14
2011-04-06,11,4,阴~多云,南风~西南风,5-6级~4-5级,7.5,7
2011-04-07,13,4,多云~晴,西南风~北风,4-5级,8.5,9
2011-04-08,15,4,晴,西北风~西南风,4-5级~5-6级,9.5,11
2011-04-09,17,3,晴~多云,西南风~东北风,4-5级~5-6级,10.0,14
2011-04-10,12,3,阴~晴,东北风~西北风,5-6级~4-5级,7.5,9
2011-04-11,15,4,晴,西北风~西南风,4-5级,9.5,11
2011-04-12,18,6,晴,西南风,5-6级~4-5级,12.0,12
2011-04-13,20,8,晴~多云,西南风~南风,4-5级,14.0,12
2011-04-14,13,6,雷阵雨~晴,南风~北风,4-5级,9.5,7
2011-04-15,15,5,晴,北风,5-6级~4-5级,10.0,10
2011-04-16,17,5,晴~多云,南风,4-5级~5-6级,11.0,12
2011-04-17,11,3,小到中雨~阵雨,西北风~北风,5-6级,7.0,8
2011-04-18,10,4,阵雨~晴,北风~西北风,5-6级,7.0,6
2011-04-19,16,6,晴,西北风~西南风,4-5级~5-6级,11.0,10
2011-04-20,18,6,晴~多云,西南风,5-6级~4-5级,12.0,12
2011-04-21,10,5,阵雨,东南风~北风,5-6级,7.5,5
2011-04-22,14,6,多云~晴,西北风,5-6级~4-5级,10.0,8
2011-04-23,16,5,多云,西北风,4-5级,10.5,11
2011-04-24,16,5,晴,西北风~西风,4-5级,10.5,11
2011-04-25,17,7,多云~阵雨,南风~东风,4-5级,12.0,10
2011-04-26,12,5,多云,东风~北风,4-5级,8.5,7
2011-04-27,17,6,晴,北风,5-6级~4-5级,11.5,11
2011-04-28,16,5,晴~多云,西南风~南风,4-5级~5-6级,10.5,11
2011-04-29,12,6,阵雨~雷阵雨,东南风~西风,5-6级,9.0,6
2011-04-30,15,8,多云~晴,南风~西北风,4-5级~5-6级,11.5,7
2011-03-01,0,-8,晴,西北风,5-6级~4-5级,-4.0,8
2011-03-02,1,-8,晴,西北风,4-5级,-3.5,9
2011-03-03,3,-7,晴,西北风~西风,4-5级,-2.0,10
2011-03-04,6,-3,晴~多云,西南风,4-5级,1.5,9
2011-03-05,6,-3,多云~晴,西南风~北风,4-5级,1.5,9
2011-03-06,4,-3,多云~晴,北风,5-6级~4-5级,0.5,7
2011-03-07,4,-4,晴,西北风,4-5级,0.0,8
2011-03-08,4,-4,晴,北风~西北风,4-5级,0.0,8
2011-03-09,3,-3,晴,西北风~西风,5-6级,0.0,6
2011-03-10,6,-2,晴,西风~北风,4-5级,2.0,8
2011-03-11,9,-2,晴,南风,4-5级~5-6级,3.5,11
2011-03-12,13,0,晴,南风,5-6级~4-5级,6.5,13
2011-03-13,13,-4,晴~多云,南风~北风,4-5级~5-6级,4.5,17
2011-03-14,2,-7,多云~晴,北风,5-6级,-2.5,9
2011-03-15,2,-6,晴,西北风,5-6级,-2.0,8
2011-03-16,4,-4,晴,西北风~西南风,4-5级,0.0,8
2011-03-17,9,-4,晴,南风,4-5级~5-6级,2.5,13
2011-03-18,9,-3,多云~晴,西南风~北风,5-6级~4-5级,3.0,12
2011-03-19,8,0,多云,南风~北风,4-5级,4.0,8
2011-03-20,9,-2,多云~阴,北风,4-5级~5-6级,3.5,11
2011-03-21,4,-4,多云,北风~西北风,5-6级~4-5级,0.0,8
2011-03-22,5,-3,晴,西北风~西风,5-6级~4-5级,1.0,8
2011-03-23,7,-3,晴,西风~北风,4-5级,2.0,10
2011-03-24,6,-3,多云~晴,西北风,5-6级~4-5级,1.5,9
2011-03-25,8,-4,晴,西北风~西风,4-5级,2.0,12
2011-03-26,10,-2,晴,西南风~北风,4-5级,4.0,12
2011-03-27,9,3,晴,西风~北风,4-5级,6.0,6
2011-03-28,11,0,晴,西北风,4-5级,5.5,11
2011-03-29,12,-1,晴,西北风~西风,4-5级,5.5,13
2011-03-30,16,3,晴,西风~西南风,4-5级,9.5,13
2011-03-31,17,2,晴~多云,西南风~北风,4-5级~5-6级,9.5,15
2011-02-01,5,-9,晴~多云,西南风,4-5级,-2.0,14
2011-02-02,3,-8,多云,西南风~北风,4-5级,-2.5,11
2011-02-03,3,-7,雾~晴,北风~西风,4-5级,-2.0,10
2011-02-04,1,-9,多云~晴,西北风~西南风,4-5级,-4.0,10
2011-02-05,4,-9,晴~多云,南风~北风,4-5级~5-6级,-2.5,13
2011-02-06,3,-8,晴,北风~东南风,5-6级~4-5级,-2.5,11
2011-02-07,2,-8,多云~阴,东南风~南风,4-5级,-3.0,10
2011-02-08,1,-9,多云~晴,东北风~北风,5-6级,-4.0,10
2011-02-09,-4,-10,晴~多云,东北风,5-6级~4-5级,-7.0,6
2011-02-10,-4,-11,多云,东北风,4-5级,-7.5,7
2011-02-11,-6,-13,多云,北风,5-6级,-9.5,7
2011-02-12,-7,-13,晴~多云,北风,5-6级~4-5级,-10.0,6
2011-02-13,-5,-12,多云,北风,4-5级~5-6级,-8.5,7
2011-02-14,-5,-11,晴,北风~西风,4-5级,-8.0,6
2011-02-15,0,-10,晴,西南风,5-6级~4-5级,-5.0,10
2011-02-16,2,-6,多云,南风~北风,4-5级,-2.0,8
2011-02-17,2,-6,多云~晴,北风,5-6级~4-5级,-2.0,8
2011-02-18,4,-6,晴,西北风~西风,4-5级,-1.0,10
2011-02-19,5,-5,晴,西南风~东北风,4-5级,0.0,10
2011-02-20,6,-6,晴,东北风~南风,4-5级,0.0,12
2011-02-21,9,-5,多云~晴,南风~西南风,4-5级,2.0,14
2011-02-22,8,-2,晴,南风,4-5级,3.0,10
2011-02-23,6,-2,雾~晴,南风,4-5级,2.0,8
2011-02-24,4,-6,雾~晴,东北风,5-6级,-1.0,10
2011-02-25,3,-6,晴~多云,北风~东风,4-5级,-1.5,9
2011-02-26,2,-5,雨夹雪~小雪,东南风~东北风,4-5级~5-6级,-1.5,7
2011-02-27,-1,-7,小雪~多云,东北风,5-6级,-4.0,6
2011-02-28,-2,-9,多云~晴,北风,5-6级,-5.5,7
2011-01-01,-4,-11,晴~多云,北风,5-6级~4-5级,-7.5,7
2011-01-02,-3,-10,多云~晴,北风~西北风,4-5级,-6.5,7
2011-01-03,-3,-11,晴,西北风~北风,4-5级,-7.0,8
2011-01-04,-3,-11,多云,西北风~北风,5-6级,-7.0,8
2011-01-05,-4,-9,多云~晴,北风~西北风,5-6级,-6.5,5
2011-01-06,-3,-9,晴,西北风~北风,4-5级,-6.0,6
2011-01-07,-5,-8,晴,北风,4-5级,-6.5,3
2011-01-08,-5,-9,晴,北风,4-5级,-7.0,4
2011-01-09,-1,-8,晴,西南风,4-5级,-4.5,7
2011-01-10,-4,-10,阴~多云,北风,5-6级~4-5级,-7.0,6
2011-01-11,-3,-8,晴,北风,4-5级,-5.5,5
2011-01-12,-4,-10,晴,西南风,4-5级,-7.0,6
2011-01-13,-4,-12,晴,北风,4-5级,-8.0,8
2011-01-14,-6,-10,多云~晴,北风,4-5级,-8.0,4
2011-01-15,-3,-7,晴,北风,4-5级,-5.0,4
2011-01-16,-7,-11,晴,北风,4-5级,-9.0,4
2011-01-26,-5,-15,晴,北风,4-5级,-10.0,10
2011-01-29,-8,-14,多云~晴,西北风,5-6级~4-5级,-11.0,6
2011-01-30,-3,-12,晴,西北风~西风,4-5级,-7.5,9
2011-01-31,1,-8,晴,西风,4-5级,-3.5,9
