日期,最高气温,最低气温,天气,风向,风力,平均气温,温差
2019-09-01,27,22,阴,东北风,3级,24.5,5
2019-09-02,26,23,阴,东北风,3级,24.5,3
2019-09-03,28,22,阵雨,东北风,1级,25.0,6
2019-09-04,31,23,阴,东北风,2级,27.0,8
2019-09-05,33,24,阴,东北风,1级,28.5,9
2019-09-06,33,22,阴,西南风,2级,27.5,11
2019-09-07,33,25,多云,东北风,2级,29.0,8
2019-09-08,34,24,多云,东北风,3级,29.0,10
2019-09-09,34,23,多云,东北风,1级,28.5,11
2019-09-10,35,24,晴,东北风,2级,29.5,11
2019-09-11,36,25,晴,东北风,2级,30.5,11
2019-09-12,36,26,多云,东北风,2级,31.0,10
2019-09-13,36,26,晴,东北风,3级,31.0,10
2019-09-14,35,26,晴,东北风,2级,30.5,9
2019-09-15,34,25,多云,东北风,2级,29.5,9
2019-09-16,31,22,晴,东南风,2级,26.5,9
2019-09-17,32,21,晴,东北风,3级,26.5,11
2019-09-18,33,22,多云,东北风,3级,27.5,11
2019-09-19,30,19,阴,东北风,3级,24.5,11
2019-09-20,30,19,晴,东北风,2级,24.5,11
2019-09-21,30,19,多云,东北风,3级,24.5,11
2019-09-22,29,18,多云,北风,微风,23.5,11
2019-09-23,31,17,晴,东北风,2级,24.0,14
2019-09-24,31,17,晴,东北风,1级,24.0,14
2019-09-25,30,17,多云,东北风,1级,23.5,13
2019-09-26,31,17,晴,东北风,2级,24.0,14
2019-09-27,32,18,晴,东北风,2级,25.0,14
2019-09-28,33,19,晴,东北风,2级,26.0,14
2019-09-29,33,21,晴,东北风,2级,27.0,12
2019-09-30,33,23,多云,东北风,3级,28.0,10
2019-08-01,36,27,多云,东北风,1级,31.5,9
2019-08-02,36,25,多云,东南风,1级,30.5,11
2019-08-03,36,25,晴,东北风,3级,30.5,11
2019-08-04,34,25,多云,东北风,2级,29.5,9
2019-08-05,35,26,多云,东南风,2级,30.5,9
2019-08-06,37,27,晴,东北风,1级,32.0,10
2019-08-07,36,27,晴,东北风,3级,31.5,9
2019-08-08,36,27,多云,东北风,3级,31.5,9
2019-08-09,34,26,小雨,东北风,2级,30.0,8
2019-08-10,28,25,小雨,西南风,3级,26.5,3
2019-08-11,33,26,阴,西南风,2级,29.5,7
2019-08-12,35,26,晴,东北风,2级,30.5,9
2019-08-13,35,26,多云,东南风,1级,30.5,9
2019-08-14,35,26,多云,东北风,2级,30.5,9
2019-08-15,33,25,晴,西南风,2级,29.0,8
2019-08-16,35,25,多云,西南风,1级,30.0,10
2019-08-17,37,26,晴,东南风,1级,31.5,11
2019-08-18,36,26,多云,东北风,2级,31.0,10
2019-08-19,36,26,晴,东北风,2级,31.0,10
2019-08-20,36,26,晴,东南风,1级,31.0,10
2019-08-21,37,26,晴,东北风,3级,31.5,11
2019-08-22,37,27,多云,东北风,2级,32.0,10
2019-08-23,37,26,阴,东北风,1级,31.5,11
2019-08-24,36,27,阴,东北风,3级,31.5,9
2019-08-25,33,27,阴,东北风,2级,30.0,6
2019-08-26,36,27,多云,东南风,1级,31.5,9
2019-08-27,36,27,晴,东南风,1级,31.5,9
2019-08-28,38,25,多云,西南风,2级,31.5,13
2019-08-29,31,21,阴,东北风,3级,26.0,10
2019-08-30,27,22,阴,东北风,1级,24.5,5
2019-08-31,27,22,阴,东北风,2级,24.5,5
2019-07-01,33,25,小雨,东北风,3级,29.0,8
2019-07-02,33,24,阴,东北风,4级,28.5,9
2019-07-03,32,24,中雨,东南风,1级,28.0,8
2019-07-04,27,24,小雨,西北风,1级,25.5,3
2019-07-05,27,24,小雨,西南风,2级,25.5,3
2019-07-06,28,24,小雨,西南风,2级,26.0,4
2019-07-07,29,24,大雨,东南风,1级,26.5,5
2019-07-08,23,21,中雨,东北风,1级,22.0,2
2019-07-09,23,21,暴雨,东南风,2级,22.0,2
2019-07-10,26,22,小雨,东北风,2级,24.0,4
2019-07-11,33,24,多云,东风,2级,28.5,9
2019-07-12,28,23,小雨,南风,微风,25.5,5
2019-07-13,25,22,大雨,西南风,3级,23.5,3
2019-07-14,23,22,大雨,东北风,2级,22.5,1
2019-07-15,29,23,阴,东北风,2级,26.0,6
2019-07-16,32,25,阴,西南风,3级,28.5,7
2019-07-17,34,25,阴,北风,微风,29.5,9
2019-07-18,35,25,阴,东北风,2级,30.0,10
2019-07-19,33,26,多云,西南风,2级,29.5,7
2019-07-20,34,25,阴,东北风,1级,29.5,9
2019-07-21,34,26,阴,西南风,2级,30.0,8
2019-07-22,34,26,阴,东北风,2级,30.0,8
2019-07-23,35,26,多云,西南风,2级,30.5,9
2019-07-24,36,26,晴,西南风,3级,31.0,10
2019-07-25,36,27,阴,西南风,2级,31.5,9
2019-07-26,37,27,阴,西南风,2级,32.0,10
2019-07-27,38,27,阴,西南风,2级,32.5,11
2019-07-28,37,27,多云,东南风,1级,32.0,10
2019-07-29,37,27,多云,西南风,1级,32.0,10
2019-07-30,37,27,晴,东南风,2级,32.0,10
2019-07-31,37,27,晴,东北风,2级,32.0,10
2019-06-01,21,19,阴,东北风,2级,20.0,2
2019-06-02,26,20,阴,南风,微风,23.0,6
2019-06-03,30,20,多云,南风,微风,25.0,10
2019-06-04,34,21,晴,南风,微风,27.5,13
2019-06-05,35,25,多云,西北风,3级,30.0,10
2019-06-06,27,23,阴,西南风,2级,25.0,4
2019-06-07,28,22,阴,东北风,3级,25.0,6
2019-06-08,23,22,阴,东北风,1级,22.5,1
2019-06-09,29,22,阴,西南风,2级,25.5,7
2019-06-10,33,24,多云,东北风,1级,28.5,9
2019-06-11,31,22,多云,东北风,2级,26.5,9
2019-06-12,27,20,小雨,东北风,2级,23.5,7
2019-06-13,20,19,中雨,东北风,3级,19.5,1
2019-06-14,26,17,小雨,西南风,1级,21.5,9
2019-06-15,31,21,晴,东北风,1级,26.0,10
2019-06-16,32,21,阴,东北风,2级,26.5,11
2019-06-17,26,21,阴,东北风,2级,23.5,5
2019-06-18,27,24,阴,东北风,1级,25.5,3
2019-06-19,33,24,大雨,东北风,2级,28.5,9
2019-06-20,34,25,小雨,东北风,2级,29.5,9
2019-06-21,26,22,小雨,东北风,2级,24.0,4
2019-06-22,23,21,小雨,东北风,5级,22.0,2
2019-06-23,27,21,阴,东北风,2级,24.0,6
2019-06-24,27,22,阴,东北风,2级,24.5,5
2019-06-25,23,22,小雨,东北风,2级,22.5,1
2019-06-26,32,23,阴,东北风,2级,27.5,9
2019-06-27,34,25,多云,东北风,1级,29.5,9
2019-06-28,35,26,阴,东北风,1级,30.5,9
2019-06-29,36,26,阴,西北风,微风,31.0,10
2019-06-30,35,25,小雨,东北风,1级,30.0,10
2019-05-01,26,16,阴,东北风,1级,21.0,10
2019-05-02,24,14,阴,东北风,3级,19.0,10
2019-05-03,27,14,晴,东北风,3级,20.5,13
2019-05-04,28,17,多云,东北风,2级,22.5,11
2019-05-05,28,18,阴,西风,2级,23.0,10
2019-05-06,21,15,阴,东北风,3级,18.0,6
2019-05-07,22,15,多云,东北风,2级,18.5,7
2019-05-08,22,16,多云,西南风,2级,19.0,6
2019-05-09,26,18,多云,西北风,1级,22.0,8
2019-05-10,26,18,多云,东北风,2级,22.0,8
2019-05-11,30,19,多云,东北风,1级,24.5,11
2019-05-12,32,20,多云,东北风,2级,26.0,12
2019-05-13,20,19,阴,东风,1级,19.5,1
2019-05-14,28,21,阴,东北风,1级,24.5,7
2019-05-15,25,22,阴,东北风,2级,23.5,3
2019-05-16,27,21,阴,西南风,2级,24.0,6
2019-05-17,30,22,阴,西南风,3级,26.0,8
2019-05-18,32,24,多云,东北风,2级,28.0,8
2019-05-19,29,22,阴,东北风,2级,25.5,7
2019-05-20,28,18,阴,东北风,3级,23.0,10
2019-05-21,28,20,晴,西南风,2级,24.0,8
2019-05-22,28,15,阴,西南风,2级,21.5,13
2019-05-23,32,19,晴,东北风,2级,25.5,13
2019-05-24,33,23,晴,东北风,1级,28.0,10
2019-05-25,30,23,阴,东南风,2级,26.5,7
2019-05-26,25,23,阴,西北风,2级,24.0,2
2019-05-27,28,19,阴,东北风,1级,23.5,9
2019-05-28,21,17,阴,东北风,2级,19.0,4
2019-05-29,27,17,多云,东北风,3级,22.0,10
2019-05-30,28,20,多云,西南风,2级,24.0,8
2019-05-31,21,19,阴,东北风,2级,20.0,2
2019-04-01,20,10,多云,东北风,2级,15.0,10
2019-04-02,13,10,阴,东北风,2级,11.5,3
2019-04-03,12,11,阴,东北风,3级,11.5,1
2019-04-04,14,12,阴,南风,微风,13.0,2
2019-04-05,18,9,阴,西南风,2级,13.5,9
2019-04-06,26,12,雾,西南风,1级,19.0,14
2019-04-07,31,14,晴,南风,微风,22.5,17
2019-04-08,33,21,多云,东北风,1级,27.0,12
2019-04-09,33,13,阴,东北风,1级,23.0,20
2019-04-10,14,11,阴,东北风,3级,12.5,3
2019-04-11,12,9,阴,东北风,2级,10.5,3
2019-04-12,22,13,多云,东南风,2级,17.5,9
2019-04-13,18,16,阴,东北风,1级,17.0,2
2019-04-14,20,14,阴,东南风,1级,17.0,6
2019-04-15,21,14,多云,南风,微风,17.5,7
2019-04-16,18,13,阴,东南风,1级,15.5,5
2019-04-17,24,13,晴,东南风,2级,18.5,11
2019-04-18,31,18,多云,东北风,1级,24.5,13
2019-04-19,27,20,阴,东北风,2级,23.5,7
2019-04-20,31,20,多云,东北风,2级,25.5,11
2019-04-21,28,22,阴,西北风,1级,25.0,6
2019-04-22,25,20,阴,东风,1级,22.5,5
2019-04-23,26,20,阴,西北风,2级,23.0,6
2019-04-24,25,20,阴,东北风,2级,22.5,5
2019-04-25,25,19,阴,东北风,1级,22.0,6
2019-04-26,30,16,雾,东南风,4级,23.0,14
2019-04-27,20,17,阴,东北风,2级,18.5,3
2019-04-28,22,19,阴,东北风,2级,20.5,3
2019-04-29,22,17,阴,西南风,3级,19.5,5
2019-04-30,18,16,阴,东南风,2级,17.0,2
2019-03-01,9,9,阴,东北风,2级,9.0,0
2019-03-02,10,8,阴,东北风,2级,9.0,2
2019-03-03,12,2,阴,西南风,2级,7.0,10
2019-03-04,17,1,多云,东南风,2级,9.0,16
2019-03-05,11,9,阴,东北风,1级,10.0,2
2019-03-06,12,6,阴,北风,微风,9.0,6
2019-03-07,14,8,阴,东风,4级,11.0,6
2019-03-08,11,7,阴,东北风,2级,9.0,4
2019-03-09,11,8,阴,西北风,2级,9.5,3
2019-03-10,18,6,阴,西南风,2级,12.0,12
2019-03-11,21,7,雾,西南风,2级,14.0,14
2019-03-12,22,8,晴,西北风,1级,15.0,14
2019-03-13,23,12,阴,东南风,2级,17.5,11
2019-03-14,13,10,阴,东北风,1级,11.5,3
2019-03-15,21,9,雾,东北风,2级,15.0,12
2019-03-16,21,10,多云,西南风,2级,15.5,11
2019-03-17,19,12,阴,东北风,1级,15.5,7
2019-03-18,15,8,阴,东南风,1级,11.5,7
2019-03-19,24,17,雾,东北风,3级,20.5,7
2019-03-20,29,19,阴,西南风,2级,24.0,10
2019-03-21,20,11,阴,东南风,3级,15.5,9
2019-03-22,11,8,阴,东北风,3级,9.5,3
2019-03-23,13,8,多云,东北风,3级,10.5,5
2019-03-24,16,10,阴,南风,微风,13.0,6
2019-03-25,14,6,阴,西南风,1级,10.0,8
2019-03-26,20,13,雾,东北风,1级,16.5,7
2019-03-27,23,17,阴,北风,1级,20.0,6
2019-03-28,18,15,阴,南风,微风,16.5,3
2019-03-29,18,13,阴,东南风,1级,15.5,5
2019-03-30,25,11,阴,东北风,3级,18.0,14
2019-03-31,12,7,阴,东北风,3级,9.5,5
2019-02-01,8,4,阴,南风,微风,6.0,4
2019-02-02,12,11,多云,东北风,1级,11.5,1
2019-02-03,25,8,阴,东北风,4级,16.5,17
2019-02-04,15,7,阴,东北风,3级,11.0,8
2019-02-05,11,7,中雨,东南风,2级,9.0,4
2019-02-06,20,12,雾,东北风,2级,16.0,8
2019-02-07,15,6,小雨,东北风,5级,10.5,9
2019-02-08,5,4,阴,东北风,4级,4.5,1
2019-02-09,4,3,小雨,东北风,3级,3.5,1
2019-02-10,3,3,阴,东北风,1级,3.0,0
2019-02-11,4,3,阴,东北风,1级,3.5,1
2019-02-12,10,7,阴,东北风,2级,8.5,3
2019-02-13,7,6,阴,东北风,2级,6.5,1
2019-02-14,9,7,阴,东北风,3级,8.0,2
2019-02-15,8,5,阴,西南风,2级,6.5,3
2019-02-16,6,3,阴,东北风,4级,4.5,3
2019-02-17,4,3,阴,东北风,3级,3.5,1
2019-02-18,6,4,阴,东北风,1级,5.0,2
2019-02-19,12,8,阴,西南风,2级,10.0,4
2019-02-20,8,6,阴,东北风,3级,7.0,2
2019-02-21,7,6,阴,东北风,2级,6.5,1
2019-02-22,10,6,阴,西南风,1级,8.0,4
2019-02-23,8,4,小雨,东北风,3级,6.0,4
2019-02-24,7,6,多云,东北风,1级,6.5,1
2019-02-25,10,8,阴,东北风,1级,9.0,2
2019-02-26,12,8,阴,东南风,1级,10.0,4
2019-02-27,9,8,阴,西北风,1级,8.5,1
2019-02-28,9,8,多云,东北风,1级,8.5,1
2019-01-01,4,2,阴,东北风,2级,3.0,2
2019-01-02,2,2,雨夹雪,东北风,1级,2.0,0
2019-01-03,5,5,阴,东南风,3级,5.0,0
2019-01-04,8,7,中雨,西南风,2级,7.5,1
2019-01-05,7,6,中雨,西南风,3级,6.5,1
2019-01-06,10,6,阴,东北风,2级,8.0,4
2019-01-07,7,6,阴,东北风,1级,6.5,1
2019-01-08,8,6,阴,东北风,3级,7.0,2
2019-01-09,5,4,小雨,东北风,2级,4.5,1
2019-01-10,6,6,中雨,东北风,1级,6.0,0
2019-01-11,8,5,中雨,西南风,2级,6.5,3
2019-01-12,10,5,阴,东北风,2级,7.5,5
2019-01-13,11,5,阴,东北风,2级,8.0,6
2019-01-14,7,5,阴,东北风,2级,6.0,2
2019-01-15,7,4,阴,东北风,2级,5.5,3
2019-01-16,6,2,阴,东北风,1级,4.0,4
2019-01-17,9,2,阴,东北风,1级,5.5,7
2019-01-18,13,4,晴,北风,微风,8.5,9
2019-01-19,16,7,阴,西南风,1级,11.5,9
2019-01-20,8,5,阴,东北风,3级,6.5,3
2019-01-21,10,0,多云,西南风,2级,5.0,10
2019-01-22,12,-1,雾,东南风,1级,5.5,13
2019-01-23,15,1,晴,北风,微风,8.0,14
2019-01-24,16,5,晴,东北风,2级,10.5,11
2019-01-25,12,4,阴,东北风,2级,8.0,8
2019-01-26,12,1,晴,东北风,3级,6.5,11
2019-01-27,13,5,多云,东北风,1级,9.0,8
2019-01-28,15,7,多云,东北风,2级,11.0,8
2019-01-29,16,7,阴,东北风,2级,11.5,9
2019-01-30,18,7,多云,东北风,2级,12.5,11
2019-01-31,11,4,阴,西南风,2级,7.5,7
2018-12-02,17,13,小到中雨,东北风,1级,15.0,4
2018-12-03,22,15,多云,东南风,微风,18.5,7
2018-12-04,17,11,小雨,东北风,2级,14.0,6
2018-12-05,13,10,小雨,东北风,2级,11.5,3
2018-12-06,12,5,小雨,东北风,2级,8.5,7
2018-12-07,7,4,小雨,东北风,3级,5.5,3
2018-12-08,4,1,小雨,东北风,3级,2.5,3
2018-12-09,4,1,小雨,东北风,2级,2.5,3
2018-12-10,6,2,小雨,西北风,1级,4.0,4
2018-12-11,6,4,阵雨,西北风,1级,5.0,2
2018-12-12,6,3,小雨,东北风,1级,4.5,3
2018-12-13,7,3,雨夹雪,东北风,1级,5.0,4
2018-12-14,7,1,多云,东北风,2级,4.0,6
2018-12-15,9,5,小雨,西北风,1级,7.0,4
2018-12-16,11,0,多云,西北风,1级,5.5,11
2018-12-17,14,2,晴,西北风,1级,8.0,12
2018-12-18,17,1,晴,东北风,1级,9.0,16
2018-12-19,16,7,多云,东北风,1级,11.5,9
2018-12-20,11,8,小雨,东北风,2级,9.5,3
2018-12-21,13,12,小雨,东北风,1级,12.5,1
2018-12-22,14,11,小雨,西北风,1级,12.5,3
2018-12-23,12,6,小雨,东北风,2级,9.0,6
2018-12-24,13,8,多云,东北风,2级,10.5,5
2018-12-25,12,10,小雨,西北风,1级,11.0,2
2018-12-26,11,7,小雨,东北风,2级,9.0,4
2018-12-27,8,4,阴,东北风,3级,6.0,4
2018-12-28,4,0,阴,东北风,3级,2.0,4
2018-12-29,6,0,多云,东北风,3级,3.0,6
2018-12-30,2,0,阴,东北风,2级,1.0,2
2018-12-31,2,1,阴,东北风,1级,1.5,1
2018-11-01,22,14,多云,东北风,3级,18.0,8
2018-11-02,18,13,小雨,东北风,2级,15.5,5
2018-11-03,18,14,阵雨,东风,2级,16.0,4
2018-11-04,25,16,多云,东北风,2级,20.5,9
2018-11-05,24,17,阵雨,东风,2级,20.5,7
2018-11-06,26,16,阵雨,东风,2级,21.0,10
2018-11-07,15,12,小雨,西南风,2级,13.5,3
2018-11-08,15,11,多云,西北风,1级,13.0,4
2018-11-09,19,11,晴,东北风,1级,15.0,8
2018-11-10,20,11,多云,东北风,1级,15.5,9
2018-11-11,22,15,小雨,西北风,1级,18.5,7
2018-11-12,17,12,小雨,东北风,1级,14.5,5
2018-11-13,17,13,阴,东北风,2级,15.0,4
2018-11-14,16,12,小雨,东北风,2级,14.0,4
2018-11-15,15,13,中雨,东北风,2级,14.0,2
2018-11-16,16,12,小雨,东北风,2级,14.0,4
2018-11-17,17,13,小雨,东北风,2级,15.0,4
2018-11-18,15,11,小到中雨,西南风,2级,13.0,4
2018-11-19,15,10,小雨,东北风,1级,12.5,5
2018-11-20,14,11,小雨,东北风,1级,12.5,3
2018-11-21,14,8,小雨,西北风,1级,11.0,6
2018-11-22,16,6,多云,东北风,2级,11.0,10
2018-11-23,18,7,晴,东北风,2级,12.5,11
2018-11-24,20,9,晴,东北风,1级,14.5,11
2018-11-25,21,10,多云,东北风,1级,15.5,11
2018-11-26,20,9,多云,东北风,1级,14.5,11
2018-11-27,20,8,晴,东北风,1级,14.0,12
2018-11-28,21,7,晴,东北风,1级,14.0,14
2018-11-29,22,7,晴,东北风,1级,14.5,15
2018-11-30,22,9,晴,东北风,1级,15.5,13
2018-10-01,28,16,多云,东北风,1级,22.0,12
2018-10-02,29,16,晴,东南风,1级,22.5,13
2018-10-03,28,16,晴,东南风,1级,22.0,12
2018-10-04,28,15,晴,东北风,1级,21.5,13
2018-10-05,28,14,晴,北风,2级,21.0,14
2018-10-06,28,15,晴,东风,1级,21.5,13
2018-10-07,30,17,晴,东南风,1级,23.5,13
2018-10-08,30,18,多云,东南风,2级,24.0,12
2018-10-09,27,17,小雨,东北风,2级,22.0,10
2018-10-10,20,14,小雨,东风,2级,17.0,6
2018-10-12,23,13,晴,东风,2级,18.0,10
2018-10-13,25,16,多云,东风,2级,20.5,9
2018-10-14,20,16,小雨,东北风,2级,18.0,4
2018-10-15,20,16,小雨,东北风,2级,18.0,4
2018-10-16,21,15,阴,东风,2级,18.0,6
2018-10-17,23,13,多云,东北风,1级,18.0,10
2018-10-18,25,14,晴,东北风,3级,19.5,11
2018-10-19,21,15,阴,东北风,2级,18.0,6
2018-10-20,20,14,阴,东风,2级,17.0,6
2018-10-21,19,16,小雨,东北风,2级,17.5,3
2018-10-22,19,16,阵雨,西南风,1级,17.5,3
2018-10-23,22,14,阴,东风,2级,18.0,8
2018-10-24,22,16,多云,东北风,2级,19.0,6
2018-10-25,19,16,小雨,北风,1级,17.5,3
2018-10-26,24,13,晴,西南风,2级,18.5,11
2018-10-27,24,10,晴,东南风,1级,17.0,14
2018-10-28,24,10,晴,西风,2级,17.0,14
2018-10-29,25,10,晴,北风,1级,17.5,15
2018-10-30,26,11,晴,东北风,微风,18.5,15
2018-10-31,26,12,晴,东北风,2级,19.0,14
2018-09-01,31,25,阵雨,东南风,1级,28.0,6
2018-09-02,33,26,多云,南风,1级,29.5,7
2018-09-03,35,24,阵雨,南风,1级,29.5,11
2018-09-04,33,25,多云,南风,3级,29.0,8
2018-09-05,36,24,晴,东北风,2级,30.0,12
2018-09-06,36,25,多云,东风,1级,30.5,11
2018-09-10,29,20,阴,东风,1级,24.5,9
2018-09-11,28,22,多云,东风,2级,25.0,6
2018-09-12,29,23,多云,东北风,2级,26.0,6
2018-09-13,33,24,多云,东南风,1级,28.5,9
2018-09-14,35,25,多云,东南风,3级,30.0,10
2018-09-16,35,26,阵雨,东风,1级,30.5,9
2018-09-17,35,26,多云,东北风,1级,30.5,9
2018-09-18,34,25,小雨,南风,1级,29.5,9
2018-09-19,36,26,晴,东南风,1级,31.0,10
2018-09-20,36,26,多云,东风,1级,31.0,10
2018-09-21,34,23,雷阵雨,东风,2级,28.5,11
2018-09-22,28,22,中雨,东北风,2级,25.0,6
2018-09-23,26,21,中雨,东北风,2级,23.5,5
2018-09-24,28,20,多云,东北风,2级,24.0,8
2018-09-25,28,18,多云,东北风,2级,23.0,10
2018-09-26,26,18,多云,东北风,2级,22.0,8
2018-09-27,28,19,多云,东风,2级,23.5,9
2018-09-28,29,18,多云,东南风,1级,23.5,11
2018-09-29,30,16,晴,南风,1级,23.0,14
2018-09-30,29,17,晴,西南风,1级,23.0,12
2018-08-01,36,26,阵雨,东风,2级,31.0,10
2018-08-02,36,25,小雨,西南风,2级,30.5,11
2018-08-03,34,25,小雨,南风,1级,29.5,9
2018-08-04,35,25,阵雨,南风,2级,30.0,10
2018-08-05,34,26,阵雨,西南风,2级,30.0,8
2018-08-06,36,26,多云,南风,1级,31.0,10
2018-08-07,37,27,晴,南风,1级,32.0,10
2018-08-08,38,27,晴,西风,2级,32.5,11
2018-08-09,38,28,晴,东南风,1级,33.0,10
2018-08-10,39,28,晴,南风,1级,33.5,11
2018-08-11,39,28,晴,东风,1级,33.5,11
2018-08-12,39,28,多云,东风,1级,33.5,11
2018-08-13,36,26,多云,东风,2级,31.0,10
2018-08-14,37,27,多云,东南风,2级,32.0,10
2018-08-15,37,26,多云,东风,1级,31.5,11
2018-08-16,37,27,多云,西南风,2级,32.0,10
2018-08-17,33,26,小雨,南风,2级,29.5,7
2018-08-18,35,26,阵雨,南风,1级,30.5,9
2018-08-19,34,26,小雨,西南风,1级,30.0,8
2018-08-20,35,26,阵雨,西南风,1级,30.5,9
2018-08-21,35,26,多云,东风,2级,30.5,9
2018-08-22,34,26,阵雨,东南风,1级,30.0,8
2018-08-23,33,24,阵雨,东北风,2级,28.5,9
2018-08-24,34,24,多云,东风,3级,29.0,10
2018-08-25,30,22,小雨,东风,2级,26.0,8
2018-08-26,32,25,阴,东北风,2级,28.5,7
2018-08-27,35,25,多云,东风,2级,30.0,10
2018-08-28,35,25,多云,东北风,3级,30.0,10
2018-08-29,35,26,多云,西北风,1级,30.5,9
2018-08-30,34,24,阵雨,东北风,2级,29.0,10
2018-08-31,32,25,阵雨,西南风,1级,28.5,7
2018-07-01,30,22,中雨,北风,1级,26.0,8
2018-07-02,33,25,小到中雨,西南风,1级,29.0,8
2018-07-03,31,25,阵雨,东风,2级,28.0,6
2018-07-04,35,26,多云,东风,1级,30.5,9
2018-07-05,36,26,阵雨,东风,2级,31.0,10
2018-07-06,28,25,中雨,西南风,2级,26.5,3
2018-07-07,30,25,小雨,东风,2级,27.5,5
2018-07-08,35,25,多云,西风,1级,30.0,10
2018-07-09,36,26,多云,东南风,2级,31.0,10
2018-07-10,36,25,晴,东北风,2级,30.5,11
2018-07-11,31,26,阵雨,东北风,3级,28.5,5
2018-07-12,37,25,多云,东北风,1级,31.0,12
2018-07-13,36,26,晴,东风,1级,31.0,10
2018-07-14,36,25,阵雨,东北风,2级,30.5,11
2018-07-15,36,24,晴,东北风,2级,30.0,12
2018-07-16,36,26,晴,东风,2级,31.0,10
2018-07-17,36,26,晴,东北风,2级,31.0,10
2018-07-18,36,26,晴,东北风,2级,31.0,10
2018-07-19,36,27,晴,东风,3级,31.5,9
2018-07-20,37,26,晴,东风,2级,31.5,11
2018-07-21,37,27,晴,东北风,2级,32.0,10
2018-07-22,37,27,晴,西南风,1级,32.0,10
2018-07-23,36,26,晴,西南风,2级,31.0,10
2018-07-24,36,27,多云,东北风,1级,31.5,9
2018-07-25,37,28,多云,东南风,1级,32.5,9
2018-07-26,37,27,多云,西南风,2级,32.0,10
2018-07-27,37,27,多云,东北风,2级,32.0,10
2018-07-28,37,27,多云,西南风,2级,32.0,10
2018-07-29,37,27,多云,东风,2级,32.0,10
2018-07-30,37,27,晴,东风,1级,32.0,10
2018-07-31,37,26,多云,南风,1级,31.5,11
2018-06-01,26,19,阴,东风,1级,22.5,7
2018-06-02,23,19,小雨,东北风,微风,21.0,4
2018-06-03,26,20,阴,南风,1级,23.0,6
2018-06-04,27,21,小雨,东南风,1级,24.0,6
2018-06-05,24,20,中雨,东北风,2级,22.0,4
2018-06-06,27,21,阵雨,东风,微风,24.0,6
2018-06-07,32,23,多云,西南风,1级,27.5,9
2018-06-08,30,23,阴,东北风,1级,26.5,7
2018-06-09,29,23,小雨,东北风,2级,26.0,6
2018-06-10,28,19,小雨,东风,1级,23.5,9
2018-06-11,31,20,多云,西风,1级,25.5,11
2018-06-12,32,23,多云,东北风,1级,27.5,9
2018-06-13,32,22,晴,西风,1级,27.0,10
2018-06-14,31,20,多云,东北风,2级,25.5,11
2018-06-15,33,21,晴,东北风,2级,27.0,12
2018-06-16,33,22,晴,东北风,2级,27.5,11
2018-06-17,34,22,晴,东北风,1级,28.0,12
2018-06-18,33,24,多云,东风,2级,28.5,9
2018-06-19,35,25,多云,西南风,1级,30.0,10
2018-06-20,27,23,中雨,东风,2级,25.0,4
2018-06-21,28,22,阴,东风,2级,25.0,6
2018-06-22,28,22,中雨,东北风,2级,25.0,6
2018-06-23,29,24,小到中雨,东北风,1级,26.5,5
2018-06-24,31,24,多云,南风,1级,27.5,7
2018-06-25,35,26,晴,西南风,2级,30.5,9
2018-06-26,37,26,晴,西南风,2级,31.5,11
2018-06-27,37,26,晴,西南风,1级,31.5,11
2018-06-28,36,26,晴,南风,1级,31.0,10
2018-06-29,33,25,小雨,东风,1级,29.0,8
2018-06-30,29,24,阵雨,东北风,2级,26.5,5
2018-05-01,29,21,小雨,西北风,1级,25.0,8
2018-05-02,27,19,多云,东风,1级,23.0,8
2018-05-03,27,15,阴,西南风,1级,21.0,12
2018-05-04,28,16,多云,东风,1级,22.0,12
2018-05-05,30,19,阴,东风,2级,24.5,11
2018-05-06,31,22,小雨,西南风,微风,26.5,9
2018-05-07,24,18,小雨,西南风,2级,21.0,6
2018-05-08,25,16,阵雨,南风,微风,20.5,9
2018-05-09,27,15,晴,东北风,2级,21.0,12
2018-05-10,26,17,多云,东风,2级,21.5,9
2018-05-11,27,20,阴,西南风,2级,23.5,7
2018-05-12,30,22,阵雨,西南风,2级,26.0,8
2018-05-13,31,22,阴,南风,1级,26.5,9
2018-05-14,33,23,雷阵雨,南风,微风,28.0,10
2018-05-15,36,24,多云,东南风,2级,30.0,12
2018-05-16,36,24,晴,西南风,2级,30.0,12
2018-05-17,36,24,晴,西风,1级,30.0,12
2018-05-18,34,24,雷阵雨,东风,2级,29.0,10
2018-05-19,33,23,雷阵雨,东北风,2级,28.0,10
2018-05-20,30,22,小雨,东风,2级,26.0,8
2018-05-21,28,22,小雨,东风,1级,25.0,6
2018-05-22,30,20,中雨,西南风,2级,25.0,10
2018-05-23,25,18,阴,东风,2级,21.5,7
2018-05-24,32,22,晴,东北风,2级,27.0,10
2018-05-25,35,25,晴,西南风,2级,30.0,10
2018-05-26,29,24,小雨,北风,1级,26.5,5
2018-05-27,28,22,小雨,东风,2级,25.0,6
2018-05-28,29,21,小雨,东北风,1级,25.0,8
2018-05-29,32,23,阵雨,东北风,1级,27.5,9
2018-05-30,31,22,中雨,东风,3级,26.5,9
2018-05-31,23,17,小雨,东北风,2级,20.0,6
2018-04-01,30,17,多云,东北风,微风,23.5,13
2018-04-02,29,18,小雨,东风,2级,23.5,11
2018-04-03,28,18,雷阵雨,北风,2级,23.0,10
2018-04-04,27,17,雷阵雨,东风,3级,22.0,10
2018-04-05,24,10,中到大雨,西南风,3级,17.0,14
2018-04-06,17,7,阴,西南风,2级,12.0,10
2018-04-07,20,6,晴,西南风,3级,13.0,14
2018-04-08,21,8,晴,西南风,1级,14.5,13
2018-04-09,28,12,晴,东风,1级,20.0,16
2018-04-10,31,16,晴,西南风,1级,23.5,15
2018-04-11,29,19,阵雨,东南风,微风,24.0,10
2018-04-12,26,19,中雨,东北风,2级,22.5,7
2018-04-13,25,19,中雨,南风,2级,22.0,6
2018-04-14,16,13,阴,南风,1级,14.5,3
2018-04-15,19,11,多云,北风,1级,15.0,8
2018-04-16,18,8,阴,东风,1级,13.0,10
2018-04-17,23,9,晴,西南风,微风,16.0,14
2018-04-18,28,12,晴,东南风,微风,20.0,16
2018-04-19,31,15,晴,东风,1级,23.0,16
2018-04-20,29,19,多云,东风,1级,24.0,10
2018-04-21,28,19,小雨,东北风,1级,23.5,9
2018-04-22,30,20,小雨,东风,2级,25.0,10
2018-04-23,22,17,中雨,西南风,3级,19.5,5
2018-04-24,20,14,阴,西风,2级,17.0,6
2018-04-25,25,15,多云,东北风,微风,20.0,10
2018-04-26,25,17,多云,西南风,2级,21.0,8
2018-04-27,25,18,阴,东风,微风,21.5,7
2018-04-28,24,19,阴,东风,1级,21.5,5
2018-04-29,26,20,小雨,西南风,微风,23.0,6
2018-04-30,29,20,阵雨,东北风,1级,24.5,9
2018-03-01,22,8,多云,东北风,2级,15.0,14
2018-03-02,15,9,小雨,东风,2级,12.0,6
2018-03-03,21,11,小雨,东风,2级,16.0,10
2018-03-04,30,16,多云,东北风,1级,23.0,14
2018-03-05,15,8,阵雨,东北风,5级,11.5,7
2018-03-06,13,8,小雨,东风,3级,10.5,5
2018-03-07,10,6,中雨,西南风,2级,8.0,4
2018-03-08,12,3,阴,东北风,2级,7.5,9
2018-03-09,13,2,晴,东风,1级,7.5,11
2018-03-10,19,6,晴,东风,1级,12.5,13
2018-03-11,21,9,多云,东南风,3级,15.0,12
2018-03-12,23,11,多云,北风,1级,17.0,12
2018-03-13,24,12,阴,东风,2级,18.0,12
2018-03-14,23,14,雷阵雨,东风,1级,18.5,9
2018-03-15,21,15,小雨,北风,1级,18.0,6
2018-03-16,16,10,多云,东北风,3级,13.0,6
2018-03-17,21,9,阴,东北风,2级,15.0,12
2018-03-18,22,13,中雨,东北风,微风,17.5,9
2018-03-19,14,9,小雨,西南风,2级,11.5,5
2018-03-20,11,5,小雨,西南风,2级,8.0,6
2018-03-21,13,3,多云,西南风,1级,8.0,10
2018-03-22,19,6,多云,西风,1级,12.5,13
2018-03-23,23,10,晴,北风,2级,16.5,13
2018-03-24,21,13,阴,西北风,1级,17.0,8
2018-03-25,17,13,小雨,东风,1级,15.0,4
2018-03-26,20,12,小雨,西南风,1级,16.0,8
2018-03-27,24,11,多云,东风,1级,17.5,13
2018-03-28,27,14,晴,东北风,2级,20.5,13
2018-03-29,25,16,多云,西风,1级,20.5,9
2018-03-30,28,14,阴,东北风,2级,21.0,14
2018-03-31,28,15,晴,东北风,1级,21.5,13
2018-02-01,8,-2,多云,东北风,2级,3.0,10
2018-02-02,8,-2,多云,北风,微风,3.0,10
2018-02-03,7,-2,多云,东风,1级,2.5,9
2018-02-04,5,-2,多云,东北风,2级,1.5,7
2018-02-05,6,-2,多云,西南风,1级,2.0,8
2018-02-06,9,-2,晴,东北风,1级,3.5,11
2018-02-07,10,0,多云,东风,2级,5.0,10
2018-02-08,14,1,多云,东北风,2级,7.5,13
2018-02-09,12,5,阴,东风,2级,8.5,7
2018-02-10,9,1,小雨,东风,2级,5.0,8
2018-02-11,11,0,多云,西南风,1级,5.5,11
2018-02-12,14,-2,晴,西南风,2级,6.0,16
2018-02-13,16,2,晴,东北风,1级,9.0,14
2018-02-14,19,6,晴,东北风,1级,12.5,13
2018-02-15,15,7,小雨,东北风,2级,11.0,8
2018-02-16,13,8,阴,东北风,1级,10.5,5
2018-02-17,19,9,多云,东北风,2级,14.0,10
2018-02-18,19,10,阴,东北风,2级,14.5,9
2018-02-19,16,10,多云,西南风,1级,13.0,6
2018-02-20,9,6,中雨,东南风,1级,7.5,3
2018-02-21,10,6,小雨,东风,3级,8.0,4
2018-02-22,8,1,小雨,东南风,1级,4.5,7
2018-02-23,17,3,多云,东北风,2级,10.0,14
2018-02-24,11,7,小雨,东风,1级,9.0,4
2018-02-25,12,6,多云,东风,1级,9.0,6
2018-02-26,17,7,多云,东风,2级,12.0,10
2018-02-27,22,7,多云,东风,1级,14.5,15
2018-02-28,19,6,阴,西风,2级,12.5,13
2018-01-01,15,4,多云,东风,2级,9.5,11
2018-01-02,13,9,阴,东北风,2级,11.0,4
2018-01-03,14,7,阴,东北风,2级,10.5,7
2018-01-04,8,5,小雨,西北风,1级,6.5,3
2018-01-05,7,3,小雨,东北风,2级,5.0,4
2018-01-06,7,4,小雨,东风,3级,5.5,3
2018-01-07,7,2,小雨,西南风,3级,4.5,5
2018-01-08,4,-2,雨夹雪,西南风,2级,1.0,6
2018-01-09,9,-2,晴,西南风,2级,3.5,11
2018-01-10,10,-2,晴,西风,2级,4.0,12
2018-01-11,11,-3,晴,北风,1级,4.0,14
2018-01-12,11,-2,晴,东北风,1级,4.5,13
2018-01-13,10,-1,多云,东风,2级,4.5,11
2018-01-14,14,3,多云,东风,2级,8.5,11
2018-01-15,16,2,多云,东北风,1级,9.0,14
2018-01-16,18,8,多云,西风,2级,13.0,10
2018-01-17,20,7,晴,东风,1级,13.5,13
2018-01-18,20,9,晴,东北风,2级,14.5,11
2018-01-19,15,8,阴,东南风,1级,11.5,7
2018-01-20,13,9,阵雨,东风,1级,11.0,4
2018-01-21,13,8,小雨,西风,1级,10.5,5
2018-01-22,13,4,多云,东风,1级,8.5,9
2018-01-23,12,5,多云,东北风,3级,8.5,7
2018-01-24,6,3,小雨,东风,3级,4.5,3
2018-01-25,5,1,小雨,东北风,2级,3.0,4
2018-01-26,3,0,雨夹雪,东北风,3级,1.5,3
2018-01-27,3,1,小雨,东风,2级,2.0,2
2018-01-28,2,0,雨夹雪,西风,1级,1.0,2
2018-01-29,5,-3,阴,东北风,2级,1.0,8
2018-01-30,7,-2,多云,东风,2级,2.5,9
2018-01-31,2,-2,小雪,北风,1级,0.0,4
2017-12-01,11,8,阴,东北风,2级,9.5,3
2017-12-02,15,7,阴,东北风,1级,11.0,8
2017-12-03,18,9,多云,东北风,1级,13.5,9
2017-12-04,17,5,晴,东北风,1级,11.0,12
2017-12-05,13,2,晴,东风,2级,7.5,11
2017-12-06,15,4,晴,东风,2级,9.5,11
2017-12-07,16,5,多云,东风,2级,10.5,11
2017-12-08,12,0,晴,东北风,2级,6.0,12
2017-12-09,12,2,晴,东风,1级,7.0,10
2017-12-10,14,3,晴,南风,微风,8.5,11
2017-12-11,15,3,晴,东北风,2级,9.0,12
2017-12-12,13,5,多云,东北风,2级,9.0,8
2017-12-13,11,7,小雨,东北风,3级,9.0,4
2017-12-14,9,7,小雨,东北风,1级,8.0,2
2017-12-15,9,7,小雨,东北风,微风,8.0,2
2017-12-16,9,0,小雨,东北风,2级,4.5,9
2017-12-17,8,-1,多云,北风,1级,3.5,9
2017-12-18,10,-2,晴,东风,1级,4.0,12
2017-12-19,11,-1,晴,东北风,1级,5.0,12
2017-12-20,13,0,晴,东风,1级,6.5,13
2017-12-21,14,1,晴,东风,1级,7.5,13
2017-12-22,17,2,晴,东风,2级,9.5,15
2017-12-23,15,8,阴,西南风,微风,11.5,7
2017-12-24,16,1,晴,东北风,微风,8.5,15
2017-12-25,14,2,晴,东北风,2级,8.0,12
2017-12-26,16,3,晴,东北风,1级,9.5,13
2017-12-27,14,6,多云,东风,2级,10.0,8
2017-12-28,10,7,小雨,东北风,2级,8.5,3
2017-12-29,17,9,阴,东风,1级,13.0,8
2017-12-30,12,5,小雨,西南风,2级,8.5,7
2017-12-31,13,3,多云,东风,2级,8.0,10
2017-11-01,25,10,晴,东北风,1级,17.5,15
2017-11-02,27,12,晴,北风,微风,19.5,15
2017-11-03,27,13,晴,北风,1级,20.0,14
2017-11-04,20,8,多云,东北风,2级,14.0,12
2017-11-05,22,11,晴,东北风,2级,16.5,11
2017-11-06,20,13,多云,北风,微风,16.5,7
2017-11-07,18,15,小雨,北风,微风,16.5,3
2017-11-08,24,14,阴,东北风,2级,19.0,10
2017-11-09,27,15,晴,东北风,2级,21.0,12
2017-11-10,17,13,小雨,东风,2级,15.0,4
2017-11-11,20,14,阵雨,东北风,2级,17.0,6
2017-11-12,16,14,阵雨,东北风,1级,15.0,2
2017-11-13,18,13,小雨,东南风,1级,15.5,5
2017-11-14,18,14,小雨,东北风,2级,16.0,4
2017-11-15,20,14,阴,东北风,2级,17.0,6
2017-11-16,19,14,小雨,东北风,2级,16.5,5
2017-11-17,18,14,中雨,东北风,1级,16.0,4
2017-11-18,15,7,阴,东南风,2级,11.0,8
2017-11-19,12,9,多云,东北风,2级,10.5,3
2017-11-20,11,8,小雨,东风,2级,9.5,3
2017-11-21,10,7,小雨,东风,2级,8.5,3
2017-11-22,14,8,阴,西南风,1级,11.0,6
2017-11-23,15,7,多云,东风,1级,11.0,8
2017-11-24,16,8,多云,东北风,2级,12.0,8
2017-11-25,14,9,阵雨,东北风,微风,11.5,5
2017-11-26,17,8,多云,东北风,2级,12.5,9
2017-11-27,20,9,晴,东北风,2级,14.5,11
2017-11-28,23,12,多云,西北风,1级,17.5,11
2017-11-29,15,11,中雨,东北风,2级,13.0,4
2017-11-30,13,8,小雨,东北风,2级,10.5,5
2017-10-01,36,25,晴,西南风,1级,30.5,11
2017-10-02,35,24,多云,东风,1级,29.5,11
2017-10-03,27,19,小雨,东风,3级,23.0,8
2017-10-04,25,20,阴,东北风,3级,22.5,5
2017-10-05,26,19,阴,东风,1级,22.5,7
2017-10-06,29,20,多云,西南风,2级,24.5,9
2017-10-07,33,22,晴,东北风,2级,27.5,11
2017-10-08,35,22,晴,东北风,2级,28.5,13
2017-10-09,35,24,晴,东风,2级,29.5,11
2017-10-10,34,24,多云,东北风,2级,29.0,10
2017-10-11,33,20,多云,东风,3级,26.5,13
2017-10-12,24,18,阴,东北风,3级,21.0,6
2017-10-13,25,17,阴,东北风,4级,21.0,8
2017-10-14,21,17,阵雨,东北风,3级,19.0,4
2017-10-15,20,16,阵雨,东北风,3级,18.0,4
2017-10-16,21,16,小雨,东风,3级,18.5,5
2017-10-17,21,16,阴,东风,4级,18.5,5
2017-10-18,23,17,阴,东北风,1级,20.0,6
2017-10-19,21,17,阴,东北风,2级,19.0,4
2017-10-20,22,14,阴,东北风,2级,18.0,8
2017-10-21,23,12,多云,东风,2级,17.5,11
2017-10-22,24,12,晴,东北风,1级,18.0,12
2017-10-23,22,13,多云,东北风,2级,17.5,9
2017-10-24,25,12,晴,东北风,2级,18.5,13
2017-10-25,25,13,晴,东北风,2级,19.0,12
2017-10-26,14,0,晴,东北风,小于3级,7.0,14
2017-10-27,14,0,晴,东北风,小于3级,7.0,14
2017-10-28,13,0,晴,东北风,小于3级,6.5,13
2017-10-29,12,0,晴,东北风,小于3级,6.0,12
2017-10-30,22,9,晴,东风,2级,15.5,13
2017-10-31,23,10,晴,东风,2级,16.5,13
2017-09-01,34,24,多云,东北风,3级,29.0,10
2017-09-02,34,24,晴,东北风,2级,29.0,10
2017-09-03,35,25,多云,东风,2级,30.0,10
2017-09-04,36,27,晴,西风,1级,31.5,9
2017-09-05,37,27,多云,南风,2级,32.0,10
2017-09-06,35,25,阵雨,西南风,2级,30.0,10
2017-09-07,31,25,晴,东北风,2级,28.0,6
2017-09-08,34,25,多云,东北风,2级,29.5,9
2017-09-09,32,25,阵雨,东北风,2级,28.5,7
2017-09-10,34,26,阵雨,东北风,2级,30.0,8
2017-09-11,30,24,阵雨,南风,2级,27.0,6
2017-09-12,29,23,阴,东北风,2级,26.0,6
2017-09-13,30,21,多云,东北风,2级,25.5,9
2017-09-14,31,20,多云,北风,1级,25.5,11
2017-09-15,30,23,多云,东风,2级,26.5,7
2017-09-16,31,20,多云,西北风,2级,25.5,11
2017-09-17,32,21,晴,北风,1级,26.5,11
2017-09-18,34,23,晴,东北风,1级,28.5,11
2017-09-19,36,25,多云,东风,1级,30.5,11
2017-09-20,31,22,阵雨,东北风,2级,26.5,9
2017-09-21,26,22,阴,东北风,2级,24.0,4
2017-09-22,29,23,阴,东风,1级,26.0,6
2017-09-23,34,23,多云,东北风,2级,28.5,11
2017-09-24,34,26,晴,东风,2级,30.0,8
2017-09-25,36,26,晴,南风,1级,31.0,10
2017-09-26,37,26,晴,西南风,1级,31.5,11
2017-09-27,36,25,阵雨,东北风,1级,30.5,11
2017-09-28,27,19,小雨,东北风,2级,23.0,8
2017-09-29,28,20,多云,东北风,2级,24.0,8
2017-09-30,32,22,多云,东北风,2级,27.0,10
2017-08-01,30,25,中雨,东风,1级,27.5,5
2017-08-02,31,25,阵雨,北风,1级,28.0,6
2017-08-03,31,26,阵雨,西南风,2级,28.5,5
2017-08-04,35,27,多云,西南风,2级,31.0,8
2017-08-05,36,26,多云,东北风,1级,31.0,10
2017-08-06,36,27,多云,东北风,2级,31.5,9
2017-08-07,35,27,多云,东风,1级,31.0,8
2017-08-08,37,27,晴,西南风,2级,32.0,10
2017-08-09,35,26,中雨,北风,微风,30.5,9
2017-08-10,32,24,阴,西南风,1级,28.0,8
2017-08-11,34,26,雷阵雨,西南风,1级,30.0,8
2017-08-12,33,25,多云,东风,2级,29.0,8
2017-08-13,34,26,多云,东风,1级,30.0,8
2017-08-14,33,25,阵雨,西风,3级,29.0,8
2017-08-15,35,25,阵雨,南风,2级,30.0,10
2017-08-16,34,24,多云,东南风,2级,29.0,10
2017-08-17,34,25,多云,北风,微风,29.5,9
2017-08-18,35,25,晴,东北风,1级,30.0,10
2017-08-19,36,26,晴,西风,2级,31.0,10
2017-08-20,34,25,阵雨,北风,微风,29.5,9
2017-08-21,34,25,阵雨,东北风,1级,29.5,9
2017-08-22,36,26,晴,东风,2级,31.0,10
2017-08-23,36,26,晴,西南风,2级,31.0,10
2017-08-24,36,26,晴,东北风,2级,31.0,10
2017-08-25,34,26,阵雨,东南风,1级,30.0,8
2017-08-26,36,26,多云,东风,3级,31.0,10
2017-08-27,36,26,晴,东风,2级,31.0,10
2017-08-28,36,27,晴,北风,微风,31.5,9
2017-08-29,36,26,晴,东风,2级,31.0,10
2017-08-30,37,26,多云,东风,1级,31.5,11
2017-08-31,34,25,阵雨,东北风,2级,29.5,9
2017-07-01,32,24,多云,北风,1级,28.0,8
2017-07-02,32,24,阵雨,东风,1级,28.0,8
2017-07-03,30,24,阵雨,东北风,2级,27.0,6
2017-07-04,32,25,阵雨,东北风,1级,28.5,7
2017-07-05,34,25,阵雨,东北风,1级,29.5,9
2017-07-06,35,25,晴,西北风,2级,30.0,10
2017-07-07,34,26,晴,西北风,2级,30.0,8
2017-07-08,33,25,多云,西北风,2级,29.0,8
2017-07-09,33,26,多云,西北风,2级,29.5,7
2017-07-10,33,25,阵雨,西南风,2级,29.0,8
2017-07-11,34,25,多云,西南风,1级,29.5,9
2017-07-12,36,25,晴,西南风,1级,30.5,11
2017-07-13,36,25,晴,西南风,1级,30.5,11
2017-07-14,36,26,晴,东北风,1级,31.0,10
2017-07-15,37,26,晴,东南风,1级,31.5,11
2017-07-16,36,26,晴,东南风,1级,31.0,10
2017-07-17,36,26,晴,东南风,1级,31.0,10
2017-07-18,37,25,晴,西南风,2级,31.0,12
2017-07-19,37,26,晴,西南风,2级,31.5,11
2017-07-20,37,27,晴,西南风,2级,32.0,10
2017-07-21,38,26,晴,西南风,1级,32.0,12
2017-07-22,39,27,晴,北风,2级,33.0,12
2017-07-23,39,27,晴,北风,微风,33.0,12
2017-07-24,39,27,晴,北风,1级,33.0,12
2017-07-25,40,28,晴,东北风,2级,34.0,12
2017-07-26,40,28,晴,东北风,2级,34.0,12
2017-07-27,39,28,晴,东北风,2级,33.5,11
2017-07-28,39,28,晴,东风,3级,33.5,11
2017-07-29,39,28,晴,东北风,2级,33.5,11
2017-07-30,33,27,阵雨,东北风,2级,30.0,6
2017-07-31,33,26,中雨,东北风,2级,29.5,7
2017-06-01,24,21,大到暴雨,东风,2级,22.5,3
2017-06-02,31,23,多云,东风,3级,27.0,8
2017-06-03,30,23,多云,东北风,3级,26.5,7
2017-06-04,29,20,多云,东北风,4级,24.5,9
2017-06-05,27,19,小雨,东北风,4级,23.0,8
2017-06-06,24,19,中到大雨,西南风,3级,21.5,5
2017-06-07,29,21,多云,北风,微风,25.0,8
2017-06-08,32,22,阵雨,西风,2级,27.0,10
2017-06-09,31,24,雷阵雨,东北风,3级,27.5,7
2017-06-10,33,22,小雨,西风,3级,27.5,11
2017-06-11,28,22,中到大雨,东北风,3级,25.0,6
2017-06-12,28,21,中雨,东风,4级,24.5,7
2017-06-13,26,21,小雨,东风,4级,23.5,5
2017-06-14,23,20,小雨,东风,3级,21.5,3
2017-06-15,22,19,小雨,东北风,3级,20.5,3
2017-06-16,20,18,小雨,东北风,3级,19.0,2
2017-06-17,25,19,阴,北风,2级,22.0,6
2017-06-18,24,21,阵雨,西南风,1级,22.5,3
2017-06-19,27,21,阵雨,南风,2级,24.0,6
2017-06-20,28,22,阴,东南风,1级,25.0,6
2017-06-21,25,22,大到暴雨,东北风,3级,23.5,3
2017-06-22,26,22,大雨,西南风,2级,24.0,4
2017-06-23,29,23,小雨,东风,3级,26.0,6
2017-06-24,30,23,小雨,东风,2级,26.5,7
2017-06-25,24,22,大到暴雨,东南风,1级,23.0,2
2017-06-26,25,20,阵雨,西风,2级,22.5,5
2017-06-27,24,21,小到中雨,东风,1级,22.5,3
2017-06-28,24,21,中到大雨,东北风,1级,22.5,3
2017-06-29,29,22,阵雨,东风,1级,25.5,7
2017-06-30,31,23,小雨,北风,1级,27.0,8
2017-05-01,21,18,小雨,东风,3级,19.5,3
2017-05-02,25,17,小雨,东北风,2级,21.0,8
2017-05-03,29,19,多云,北风,3级,24.0,10
2017-05-04,23,17,阵雨,西南风,3级,20.0,6
2017-05-05,26,20,阴,东风,1级,23.0,6
2017-05-06,27,18,阵雨,东北风,3级,22.5,9
2017-05-07,28,19,多云,东风,3级,23.5,9
2017-05-08,23,17,中到大雨,西南风,3级,20.0,6
2017-05-09,29,15,晴,西南风,3级,22.0,14
2017-05-10,32,18,晴,东北风,1级,25.0,14
2017-05-11,33,22,多云,东北风,2级,27.5,11
2017-05-12,24,18,中雨,东风,3级,21.0,6
2017-05-13,30,18,晴,东南风,1级,24.0,12
2017-05-14,32,19,晴,东北风,2级,25.5,13
2017-05-15,25,16,小雨,西南风,2级,20.5,9
2017-05-16,26,17,多云,东风,3级,21.5,9
2017-05-17,28,16,晴,东北风,1级,22.0,12
2017-05-18,31,19,晴,东风,3级,25.0,12
2017-05-19,30,20,阵雨,西风,4级,25.0,10
2017-05-20,31,21,多云,东北风,3级,26.0,10
2017-05-21,32,21,晴,东风,3级,26.5,11
2017-05-22,28,23,阵雨,东北风,2级,25.5,5
2017-05-23,28,21,中雨,西南风,2级,24.5,7
2017-05-24,24,18,阴,东北风,3级,21.0,6
2017-05-25,28,15,阴,东北风,2级,21.5,13
2017-05-26,31,16,多云,东北风,2级,23.5,15
2017-05-27,32,18,晴,东北风,2级,25.0,14
2017-05-28,32,18,晴,东北风,2级,25.0,14
2017-05-29,33,20,晴,东北风,3级,26.5,13
2017-05-30,34,23,晴,西南风,2级,28.5,11
2017-05-31,31,23,阵雨,西南风,2级,27.0,8
2017-04-01,18,7,多云,西南风,3级,12.5,11
2017-04-02,22,10,晴,东北风,3级,16.0,12
2017-04-03,23,11,晴,北风,微风,17.0,12
2017-04-04,25,15,多云,东北风,2级,20.0,10
2017-04-05,26,18,多云,东风,1级,22.0,8
2017-04-06,27,18,阵雨,东北风,3级,22.5,9
2017-04-07,25,18,阴,西风,2级,21.5,7
2017-04-08,31,20,阴,南风,2级,25.5,11
2017-04-09,22,13,大雨,东风,4级,17.5,9
2017-04-10,16,10,小到中雨,东南风,2级,13.0,6
2017-04-11,16,11,阴,西风,2级,13.5,5
2017-04-12,20,11,多云,东北风,2级,15.5,9
2017-04-13,24,11,多云,西南风,3级,17.5,13
2017-04-14,28,15,晴,西风,3级,21.5,13
2017-04-15,31,16,晴,北风,2级,23.5,15
2017-04-16,27,20,阵雨,西北风,4级,23.5,7
2017-04-17,23,15,小雨,西南风,4级,19.0,8
2017-04-18,28,16,晴,南风,1级,22.0,12
2017-04-19,28,18,雷阵雨,东风,2级,23.0,10
2017-04-20,25,18,阵雨,西南风,2级,21.5,7
2017-04-21,21,12,阵雨,西风,2级,16.5,9
2017-04-22,23,11,阴,西南风,3级,17.0,12
2017-04-23,25,13,晴,东风,2级,19.0,12
2017-04-24,28,17,多云,东北风,2级,22.5,11
2017-04-25,22,18,中雨,东北风,3级,20.0,4
2017-04-26,19,12,阵雨,东风,3级,15.5,7
2017-04-27,20,9,阴,东北风,2级,14.5,11
2017-04-28,24,11,晴,西南风,3级,17.5,13
2017-04-29,27,11,晴,东北风,2级,19.0,16
2017-04-30,29,15,多云,东北风,2级,22.0,14
2017-03-01,20,4,多云,西南风,3级,12.0,16
2017-03-02,15,5,晴,东风,1级,10.0,10
2017-03-03,18,6,多云,东南风,1级,12.0,12
2017-03-06,17,6,多云,东北风,2级,11.5,11
2017-03-07,17,7,多云,西南风,1级,12.0,10
2017-03-08,18,4,晴,南风,1级,11.0,14
2017-03-09,22,8,多云,东北风,1级,15.0,14
2017-03-10,15,11,小到中雨,东北风,2级,13.0,4
2017-03-11,14,11,阴,东北风,2级,12.5,3
2017-03-12,16,10,中雨,东风,2级,13.0,6
2017-03-13,11,6,中雨,东北风,3级,8.5,5
2017-03-14,14,6,阴,东风,2级,10.0,8
2017-03-15,14,8,阵雨,东北风,3级,11.0,6
2017-03-16,12,6,阴,东北风,1级,9.0,6
2017-03-17,12,9,中雨,东北风,2级,10.5,3
2017-03-18,13,10,小到中雨,东风,2级,11.5,3
2017-03-19,13,11,小雨,东风,2级,12.0,2
2017-03-20,14,9,小雨,西南风,2级,11.5,5
2017-03-21,17,9,多云,东北风,2级,13.0,8
2017-03-22,11,8,中到大雨,东北风,1级,9.5,3
2017-03-23,17,10,多云,东北风,4级,13.5,7
2017-03-24,12,9,中雨,东风,3级,10.5,3
2017-03-25,15,8,阴,西南风,3级,11.5,7
2017-03-26,19,7,晴,北风,微风,13.0,12
2017-03-27,23,10,晴,东风,2级,16.5,13
2017-03-28,18,12,小雨,北风,1级,15.0,6
2017-03-29,21,15,阴,西风,1级,18.0,6
2017-03-30,20,11,小雨,东北风,2级,15.5,9
2017-03-31,13,7,阵雨,东风,2级,10.0,6
2017-02-01,10,5,阴,东北风,3级,7.5,5
2017-02-02,10,5,阴,东北风,2级,7.5,5
2017-02-03,12,6,阴,东风,1级,9.0,6
2017-02-04,12,7,阵雨,西南风,1级,9.5,5
2017-02-05,13,6,阴,东北风,2级,9.5,7
2017-02-06,15,6,阴,东北风,4级,10.5,9
2017-02-07,14,5,阴,东北风,2级,9.5,9
2017-02-08,8,3,小雨,西南风,3级,5.5,5
2017-02-09,8,-1,多云,东南风,1级,3.5,9
2017-02-10,10,-2,晴,东风,1级,4.0,12
2017-02-11,12,0,晴,东风,1级,6.0,12
2017-02-12,14,0,晴,北风,2级,7.0,14
2017-02-13,18,2,晴,东北风,2级,10.0,16
2017-02-14,19,5,晴,东北风,1级,12.0,14
2017-02-15,20,7,晴,东风,1级,13.5,13
2017-02-16,22,8,多云,东南风,1级,15.0,14
2017-02-17,25,9,晴,东北风,3级,17.0,16
2017-02-18,18,9,阴,东北风,2级,13.5,9
2017-02-19,23,10,多云,西北风,1级,16.5,13
2017-02-20,26,9,多云,东北风,4级,17.5,17
2017-02-21,15,6,阴,东北风,2级,10.5,9
2017-02-22,9,4,中雨,西南风,2级,6.5,5
2017-02-23,5,2,中雨,东风,1级,3.5,3
2017-02-24,5,1,雨夹雪,西南风,1级,3.0,4
2017-02-25,11,2,多云,东北风,1级,6.5,9
2017-02-26,17,3,晴,东北风,2级,10.0,14
2017-02-27,18,6,晴,东风,2级,12.0,12
2017-02-28,19,9,多云,西南风,1级,14.0,10
2017-01-01,19,6,晴,东北风,1级,12.5,13
2017-01-02,18,10,多云,西风,2级,14.0,8
2017-01-03,20,10,多云,东风,1级,15.0,10
2017-01-04,21,14,阴,东北风,2级,17.5,7
2017-01-05,21,12,阵雨,东风,2级,16.5,9
2017-01-06,14,12,小雨,东风,2级,13.0,2
2017-01-07,14,9,小雨,西南风,3级,11.5,5
2017-01-08,12,6,阴,西风,2级,9.0,6
2017-01-09,13,6,多云,东北风,1级,9.5,7
2017-01-10,12,6,多云,东北风,2级,9.0,6
2017-01-11,8,5,小雨,东北风,1级,6.5,3
2017-01-12,7,5,小雨,西风,1级,6.0,2
2017-01-13,12,5,多云,西南风,2级,8.5,7
2017-01-14,11,4,多云,东北风,3级,7.5,7
2017-01-15,11,3,多云,东北风,1级,7.0,8
2017-01-16,13,5,多云,东北风,2级,9.0,8
2017-01-17,8,6,阵雨,东北风,1级,7.0,2
2017-01-18,8,6,小雨,东北风,1级,7.0,2
2017-01-19,9,5,小雨,西南风,2级,7.0,4
2017-01-20,10,-2,阴,东北风,2级,4.0,12
2017-01-21,11,-1,晴,西南风,1级,5.0,12
2017-01-22,13,1,晴,东北风,2级,7.0,12
2017-01-23,14,2,晴,东北风,2级,8.0,12
2017-01-24,14,2,多云,东北风,2级,8.0,12
2017-01-25,10,4,小雨,东风,1级,7.0,6
2017-01-26,15,3,晴,东南风,2级,9.0,12
2017-01-27,16,5,晴,东北风,1级,10.5,11
2017-01-28,20,7,多云,东南风,1级,13.5,13
2017-01-29,17,8,阵雨,西南风,2级,12.5,9
2017-01-30,10,5,小雨,东北风,2级,7.5,5
2017-01-31,10,4,阴,东风,2级,7.0,6
2016-12-01,17,7,晴,东北风,1级,12.0,10
2016-12-02,17,7,晴,东北风,2级,12.0,10
2016-12-03,17,9,多云,北风,微风,13.0,8
2016-12-04,18,8,多云,西南风,1级,13.0,10
2016-12-05,17,7,多云,西风,1级,12.0,10
2016-12-06,15,4,晴,北风,微风,9.5,11
2016-12-07,16,4,晴,西南风,1级,10.0,12
2016-12-08,17,4,晴,西南风,1级,10.5,13
2016-12-09,19,6,晴,东北风,2级,12.5,13
2016-12-10,17,7,晴,东北风,2级,12.0,10
2016-12-11,17,9,晴,东北风,2级,13.0,8
2016-12-12,20,11,多云,北风,1级,15.5,9
2016-12-13,14,10,小雨,西南风,3级,12.0,4
2016-12-14,11,3,阵雨,东风,2级,7.0,8
2016-12-15,10,1,多云,东北风,2级,5.5,9
2016-12-16,12,0,晴,东北风,2级,6.0,12
2016-12-17,15,3,晴,东风,2级,9.0,12
2016-12-18,16,7,阴,东风,2级,11.5,9
2016-12-19,19,12,小雨,东风,2级,15.5,7
2016-12-20,20,14,阵雨,东风,3级,17.0,6
2016-12-21,17,8,小到中雨,西南风,2级,12.5,9
2016-12-22,12,3,多云,西南风,2级,7.5,9
2016-12-23,16,6,雾,东北风,3级,11.0,10
2016-12-24,15,8,多云,东北风,2级,11.5,7
2016-12-25,16,11,阴,东风,2级,13.5,5
2016-12-26,11,7,小雨,西南风,3级,9.0,4
2016-12-27,10,0,多云,东北风,3级,5.0,10
2016-12-28,10,0,晴,东风,1级,5.0,10
2016-12-29,11,1,晴,东北风,1级,6.0,10
2016-12-30,13,3,晴,东风,1级,8.0,10
2016-12-31,16,3,晴,东北风,2级,9.5,13
2016-11-01,18,12,阴,东北风,4级,15.0,6
2016-11-02,18,9,多云,东风,1级,13.5,9
2016-11-03,21,10,晴,北风,1级,15.5,11
2016-11-04,23,11,晴,东风,1级,17.0,12
2016-11-05,26,13,晴,东风,1级,19.5,13
2016-11-06,26,16,晴,东风,2级,21.0,10
2016-11-07,19,15,小到中雨,东北风,1级,17.0,4
2016-11-08,14,9,小雨,东风,3级,11.5,5
2016-11-09,11,8,小雨,北风,1级,9.5,3
2016-11-10,14,7,多云,西南风,2级,10.5,7
2016-11-11,19,6,多云,东北风,1级,12.5,13
2016-11-12,15,13,小雨,东风,1级,14.0,2
2016-11-13,19,14,小雨,东风,2级,16.5,5
2016-11-14,23,16,阴,东南风,1级,19.5,7
2016-11-15,20,16,阵雨,东北风,3级,18.0,4
2016-11-16,19,15,阴,东北风,2级,17.0,4
2016-11-17,26,17,阴,东风,1级,21.5,9
2016-11-18,27,17,多云,东北风,1级,22.0,10
2016-11-19,28,19,多云,东南风,1级,23.5,9
2016-11-20,22,18,中雨,东北风,2级,20.0,4
2016-11-21,22,16,小雨,西风,2级,19.0,6
2016-11-22,20,8,小雨,东北风,4级,14.0,12
2016-11-23,8,5,小雨,东北风,2级,6.5,3
2016-11-24,9,5,阴,东北风,2级,7.0,4
2016-11-25,8,6,阵雨,东风,2级,7.0,2
2016-11-26,8,6,小雨,西南风,2级,7.0,2
2016-11-27,15,4,晴,东北风,2级,9.5,11
2016-11-28,16,5,晴,东北风,2级,10.5,11
2016-11-29,16,7,晴,东北风,2级,11.5,9
2016-11-30,16,8,阴,西南风,2级,12.0,8
2016-10-01,30,22,阴,东南风,1级,26.0,8
2016-10-02,28,23,阵雨,西南风,2级,25.5,5
2016-10-03,28,22,阴,东风,2级,25.0,6
2016-10-04,30,21,多云,东风,1级,25.5,9
2016-10-05,28,22,多云,东北风,2级,25.0,6
2016-10-06,29,20,多云,东北风,3级,24.5,9
2016-10-07,27,21,阵雨,东风,2级,24.0,6
2016-10-08,24,18,阴,东北风,2级,21.0,6
2016-10-09,24,15,多云,东北风,3级,19.5,9
2016-10-10,25,17,多云,东北风,3级,21.0,8
2016-10-11,22,16,阵雨,东北风,2级,19.0,6
2016-10-12,22,17,阴,东北风,2级,19.5,5
2016-10-13,26,18,多云,东北风,2级,22.0,8
2016-10-14,24,17,阴,东北风,2级,20.5,7
2016-10-15,28,19,多云,东北风,2级,23.5,9
2016-10-16,30,22,多云,东北风,1级,26.0,8
2016-10-17,28,21,多云,东北风,3级,24.5,7
2016-10-18,25,21,阵雨,东北风,2级,23.0,4
2016-10-19,24,20,小雨,东北风,1级,22.0,4
2016-10-20,27,22,阴,东北风,2级,24.5,5
2016-10-21,28,22,阴,东风,2级,25.0,6
2016-10-22,25,21,中雨,西南风,4级,23.0,4
2016-10-23,25,20,阴,东风,2级,22.5,5
2016-10-24,26,20,阴,东风,2级,23.0,6
2016-10-25,26,21,阵雨,东北风,1级,23.5,5
2016-10-26,31,22,多云,东风,1级,26.5,9
2016-10-27,31,21,多云,东风,1级,26.0,10
2016-10-28,26,14,阵雨,东北风,3级,20.0,12
2016-10-29,18,14,阴,东北风,4级,16.0,4
2016-10-30,21,14,多云,东北风,2级,17.5,7
2016-10-31,18,15,阵雨,东北风,2级,16.5,3
2016-09-01,26,21,小雨,东北风,1级,23.5,5
2016-09-02,30,22,阴,北风,2级,26.0,8
2016-09-03,34,24,多云,东北风,2级,29.0,10
2016-09-04,33,23,多云,北风,1级,28.0,10
2016-09-05,31,24,阴,东北风,1级,27.5,7
2016-09-06,30,23,阵雨,东风,1级,26.5,7
2016-09-07,32,22,多云,东北风,2级,27.0,10
2016-09-08,32,23,多云,东风,2级,27.5,9
2016-09-09,33,23,多云,东风,2级,28.0,10
2016-09-10,27,22,中到大雨,东北风,2级,24.5,5
2016-09-11,26,21,小雨,东风,2级,23.5,5
2016-09-12,29,20,阴,东北风,2级,24.5,9
2016-09-13,31,21,晴,东北风,2级,26.0,10
2016-09-14,29,21,多云,东风,3级,25.0,8
2016-09-15,25,21,中到大雨,东北风,2级,23.0,4
2016-09-16,26,22,小雨,西南风,2级,24.0,4
2016-09-17,28,22,阴,北风,1级,25.0,6
2016-09-18,28,21,多云,东北风,1级,24.5,7
2016-09-19,29,19,多云,东北风,1级,24.0,10
2016-09-20,28,19,多云,东北风,2级,23.5,9
2016-09-21,28,18,多云,东风,1级,23.0,10
2016-09-22,30,20,多云,东风,2级,25.0,10
2016-09-23,32,20,晴,东北风,2级,26.0,12
2016-09-24,33,22,晴,东北风,1级,27.5,11
2016-09-25,33,22,晴,东北风,1级,27.5,11
2016-09-26,34,23,晴,东北风,2级,28.5,11
2016-09-27,32,24,多云,东北风,3级,28.0,8
2016-09-28,26,23,中到大雨,东北风,3级,24.5,3
2016-09-29,26,21,小雨,东北风,4级,23.5,5
2016-09-30,27,22,阴,西南风,1级,24.5,5
2016-08-01,39,27,晴,东北风,小于3级,33.0,12
2016-08-02,35,27,多云,东北风,小于3级,31.0,8
2016-08-03,34,26,多云,东北风,2级,30.0,8
2016-08-04,32,26,多云,东风,1级,29.0,6
2016-08-05,34,25,阵雨,东北风,1级,29.5,9
2016-08-06,33,25,阵雨,北风,微风,29.0,8
2016-08-07,34,26,阵雨,南风,2级,30.0,8
2016-08-08,34,26,阵雨,东北风,1级,30.0,8
2016-08-09,33,26,多云,东风,2级,29.5,7
2016-08-10,35,27,阴,东北风,2级,31.0,8
2016-08-11,36,27,晴,东北风,2级,31.5,9
2016-08-12,37,27,晴,东北风,2级,32.0,10
2016-08-13,37,27,晴,东北风,2级,32.0,10
2016-08-14,37,28,晴,东北风,2级,32.5,9
2016-08-15,38,28,晴,东北风,1级,33.0,10
2016-08-16,39,28,晴,东北风,2级,33.5,11
2016-08-17,38,28,晴,东北风,2级,33.0,10
2016-08-18,38,28,晴,东风,2级,33.0,10
2016-08-19,38,28,晴,西风,1级,33.0,10
2016-08-20,37,27,晴,东北风,2级,32.0,10
2016-08-21,36,27,雷阵雨,东风,2级,31.5,9
2016-08-22,36,27,多云,东北风,2级,31.5,9
2016-08-23,38,28,晴,东北风,2级,33.0,10
2016-08-24,38,28,晴,东北风,2级,33.0,10
2016-08-25,38,28,晴,东北风,2级,33.0,10
2016-08-26,38,27,晴,东风,2级,32.5,11
2016-08-27,33,24,阵雨,东北风,2级,28.5,9
2016-08-28,33,22,多云,东北风,1级,27.5,11
2016-08-29,33,19,晴,东北风,1级,26.0,14
2016-08-30,34,21,晴,北风,1级,27.5,13
2016-08-31,31,22,多云,西南风,2级,26.5,9
2016-07-01,36,26,多云,东北风,小于3级,31.0,10
2016-07-02,34,26,多云,东北风,小于3级,30.0,8
2016-07-03,31,25,阵雨,东北风,小于3级,28.0,6
2016-07-04,35,26,多云,东北风,小于3级,30.5,9
2016-07-05,36,26,晴,东北风,小于3级,31.0,10
2016-07-06,36,25,雷阵雨~晴,东北风,小于3级,30.5,11
2016-07-07,36,25,晴~多云,东北风,小于3级,30.5,11
2016-07-08,35,25,晴~多云,东北风,小于3级,30.0,10
2016-07-09,33,26,阵雨,东北风,小于3级,29.5,7
2016-07-10,32,26,中雨~大雨,东北风,小于3级,29.0,6
2016-07-11,31,25,阵雨~多云,东北风,小于3级,28.0,6
2016-07-12,33,26,阵雨~多云,东北风,小于3级,29.5,7
2016-07-13,34,26,阵雨~多云,东北风,小于3级,30.0,8
2016-07-14,35,26,多云,东北风,小于3级,30.5,9
2016-07-15,35,26,多云转雷阵雨,东北风,小于3级,30.5,9
2016-07-16,28,23,大雨转小到中雨,东北风,小于3级,25.5,5
2016-07-17,28,24,中到大雨转中雨,东北风,小于3级,26.0,4
2016-07-18,31,25,阵雨转阴,东北风,小于3级,28.0,6
2016-07-19,35,26,多云,东北风,小于3级,30.5,9
2016-07-20,37,26,晴,东北风,小于3级,31.5,11
2016-07-21,37,27,晴,东北风,小于3级,32.0,10
2016-07-22,37,27,晴,东北风,小于3级,32.0,10
2016-07-23,38,27,晴,东北风,小于3级,32.5,11
2016-07-24,39,27,晴,东北风,小于3级,33.0,12
2016-07-25,39,27,晴,东北风,小于3级,33.0,12
2016-07-26,39,27,晴,东北风,小于3级,33.0,12
2016-07-27,38,27,晴,东北风,小于3级,32.5,11
2016-07-28,38,27,晴,东北风,小于3级,32.5,11
2016-07-29,38,27,晴,东北风,小于3级,32.5,11
2016-07-30,38,27,晴,东北风,小于3级,32.5,11
2016-07-31,38,26,晴,东北风,小于3级,32.0,12
2016-06-01,30,20,中到大雨,东北风,小于3级,25.0,10
2016-06-02,32,20,中到大雨~中雨,东北风,小于3级,26.0,12
2016-06-03,23,19,大到暴雨~小雨,东北风,小于3级,21.0,4
2016-06-04,27,18,多云,东北风,小于3级,22.5,9
2016-06-05,32,20,晴,暂无实况,,26.0,12
2016-06-06,32,20,晴,暂无实况,,26.0,12
2016-06-07,33,23,多云,暂无实况,,28.0,10
2016-06-08,34,23,晴,东北风,小于3级,28.5,11
2016-06-09,33,23,多云,东北风,小于3级,28.0,10
2016-06-10,32,24,雷阵雨,东北风,小于3级,28.0,8
2016-06-11,33,24,雷阵雨~阵雨,东北风,小于3级,28.5,9
2016-06-12,30,24,小到中雨~中雨,东北风,小于3级,27.0,6
2016-06-13,31,22,多云,东北风,小于3级,26.5,9
2016-06-14,31,22,多云,东北风,小于3级,26.5,9
2016-06-15,29,19,暴雨~大雨,东北风,小于3级,24.0,10
2016-06-16,25,19,阵雨~多云,东北风,小于3级,22.0,6
2016-06-17,24,19,小雨~多云,东北风,小于3级,21.5,5
2016-06-18,32,21,多云~中雨,东北风,小于3级,26.5,11
2016-06-19,28,24,小雨~阵雨,东北风,小于3级,26.0,4
2016-06-20,32,24,多云,东北风,小于3级,28.0,8
2016-06-21,36,26,晴,东北风,小于3级,31.0,10
2016-06-22,36,26,晴,东北风,小于3级,31.0,10
2016-06-23,37,26,晴,东北风,小于3级,31.5,11
2016-06-24,36,25,多云,东北风,小于3级,30.5,11
2016-06-25,33,23,雷阵雨~中雨,东北风,小于3级,28.0,10
2016-06-26,26,21,中雨~阵雨,东北风,小于3级,23.5,5
2016-06-27,33,25,雷阵雨~多云,东北风,小于3级,29.0,8
2016-06-28,35,24,雷阵雨~中雨,东北风,小于3级,29.5,11
2016-06-29,28,24,中雨~阵雨,东北风,小于3级,26.0,4
2016-06-30,31,24,阵雨~多云,东北风,小于3级,27.5,7
2016-05-01,27,19,雷阵雨~中到大雨,东北风,小于3级,23.0,8
2016-05-02,29,19,雷阵雨~中雨,东北风,小于3级,24.0,10
2016-05-03,29,16,多云,东北风,小于3级,22.5,13
2016-05-04,30,15,晴,东北风,小于3级,22.5,15
2016-05-05,30,18,多云,东北风,小于3级,24.0,12
2016-05-06,28,20,雷阵雨,东北风,小于3级,24.0,8
2016-05-07,27,20,中雨,东北风,小于3级,23.5,7
2016-05-08,28,20,中到大雨~大雨,东北风,小于3级,24.0,8
2016-05-09,25,18,中到大雨,东北风,小于3级,21.5,7
2016-05-10,22,17,中雨~中到大雨,东北风,小于3级,19.5,5
2016-05-11,24,15,阵雨~多云,东北风,小于3级,19.5,9
2016-05-12,32,18,晴,东北风,小于3级,25.0,14
2016-05-13,32,18,晴,东北风,小于3级,25.0,14
2016-05-14,33,18,晴~多云,东北风,小于3级,25.5,15
2016-05-15,33,21,晴~多云,东北风,小于3级,27.0,12
2016-05-16,28,14,中雨~阵雨,东北风,小于3级,21.0,14
2016-05-17,27,16,晴~多云,东北风,小于3级,21.5,11
2016-05-18,27,16,晴~多云,东北风,小于3级,21.5,11
2016-05-19,28,19,多云~中雨,东北风,小于3级,23.5,9
2016-05-20,20,18,大雨,东北风,小于3级,19.0,2
2016-05-21,22,19,小到中雨~阵雨,东北风,小于3级,20.5,3
2016-05-22,23,19,阴,东北风,小于3级,21.0,4
2016-05-23,28,20,阵雨~多云,东北风,小于3级,24.0,8
2016-05-24,27,19,阵雨~多云,东北风,小于3级,23.0,8
2016-05-25,28,21,阵雨,东北风,小于3级,24.5,7
2016-05-26,27,21,阵雨~小到中雨,东北风,小于3级,24.0,6
2016-05-27,33,24,阵雨,东北风,小于3级,28.5,9
2016-05-28,31,21,中雨~中到大雨,东北风,小于3级,26.0,10
2016-05-29,27,21,阵雨~阴,东北风,小于3级,24.0,6
2016-05-30,26,20,阵雨~阴,东北风,小于3级,23.0,6
2016-05-31,30,21,阴,东北风,小于3级,25.5,9
2016-04-01,20,9,阴~多云,东北风,小于3级,14.5,11
2016-04-02,27,9,晴~多云,东北风,小于3级,18.0,18
2016-04-03,26,18,雷阵雨~中雨,东北风,小于3级,22.0,8
2016-04-04,19,15,小雨~阴,东北风,小于3级,17.0,4
2016-04-05,27,18,多云,东北风,小于3级,22.5,9
2016-04-06,32,21,多云~中到大雨,东北风,小于3级,26.5,11
2016-04-07,28,18,阵雨,东北风,小于3级,23.0,10
2016-04-08,16,15,小雨,东北风,小于3级,15.5,1
2016-04-09,20,16,小雨,东北风,小于3级,18.0,4
2016-04-10,21,16,小雨,东北风,小于3级,18.5,5
2016-04-11,21,16,小雨~阵雨,东北风,小于3级,18.5,5
2016-04-12,26,17,中到大雨~小雨,东北风,小于3级,21.5,9
2016-04-13,26,16,多云~大到暴雨,东北风,小于3级,21.0,10
2016-04-14,25,15,阵雨,东北风,小于3级,20.0,10
2016-04-15,22,16,阵雨~中雨,东北风,小于3级,19.0,6
2016-04-16,24,14,大到暴雨~多云,东北风,小于3级,19.0,10
2016-04-17,23,14,中雨~小雨,东北风,小于3级,18.5,9
2016-04-18,22,14,中雨~小雨,东北风,小于3级,18.0,8
2016-04-19,28,15,多云~阵雨,东北风,小于3级,21.5,13
2016-04-20,26,19,阵雨~大雨,东北风,小于3级,22.5,7
2016-04-21,24,18,小雨,东北风,小于3级,21.0,6
2016-04-22,27,18,中雨~大雨,东北风,小于3级,22.5,9
2016-04-23,22,18,大到暴雨~小雨,东北风,小于3级,20.0,4
2016-04-24,22,16,大雨~阵雨,东北风,小于3级,19.0,6
2016-04-25,20,17,阵雨~小雨,东北风,小于3级,18.5,3
2016-04-26,20,16,阵雨~小雨,东北风,小于3级,18.0,4
2016-04-27,22,14,阵雨~多云,东北风,小于3级,18.0,8
2016-04-28,22,15,阴~多云,东北风,小于3级,18.5,7
2016-04-29,25,14,多云~晴,东北风,小于3级,19.5,11
2016-04-30,29,17,多云~雷阵雨,东北风,小于3级,23.0,12
2016-03-01,19,8,晴~多云,东北风,小于3级,13.5,11
2016-03-02,23,9,多云,东北风,小于3级,16.0,14
2016-03-03,23,8,晴~多云,东北风,小于3级,15.5,15
2016-03-04,25,12,多云,东北风,小于3级,18.5,13
2016-03-05,27,14,多云~阵雨,东北风,小于3级,20.5,13
2016-03-06,27,14,多云,东北风,小于3级,20.5,13
2016-03-07,26,17,多云~中雨,东北风,小于3级,21.5,9
2016-03-08,22,7,中到大雨~小到中雨,东北风,小于3级,14.5,15
2016-03-09,20,6,小到中雨~中到大雨,东北风,小于3级,13.0,14
2016-03-10,5,1,小雨~多云,东北风,小于3级,3.0,4
2016-03-11,5,0,阴~多云,东北风,小于3级,2.5,5
2016-03-12,18,10,阴~小雨,东北风,小于3级,14.0,8
2016-03-13,13,8,小雨~阴,东北风,小于3级,10.5,5
2016-03-14,15,6,多云,东北风,小于3级,10.5,9
2016-03-15,16,6,多云~阴,东北风,小于3级,11.0,10
2016-03-16,16,9,多云~阴,东北风,小于3级,12.5,7
2016-03-17,19,14,阵雨~中雨,东北风,小于3级,16.5,5
2016-03-18,19,12,小雨~中雨,东北风,小于3级,15.5,7
2016-03-19,18,13,阵雨,东北风,小于3级,15.5,5
2016-03-20,24,13,多云~阴,东北风,小于3级,18.5,11
2016-03-21,15,11,小雨,东北风,小于3级,13.0,4
2016-03-22,14,12,小雨~小到中雨,东北风,小于3级,13.0,2
2016-03-23,14,9,小雨,东北风,小于3级,11.5,5
2016-03-24,11,5,阴,东北风,小于3级,8.0,6
2016-03-25,12,5,阴~多云,东北风,小于3级,8.5,7
2016-03-26,16,3,多云,东北风,小于3级,9.5,13
2016-03-27,17,4,多云,东北风,小于3级,10.5,13
2016-03-28,21,6,晴~多云,东北风,小于3级,13.5,15
2016-03-29,21,12,多云~阵雨,东北风,小于3级,16.5,9
2016-03-30,16,12,小到中雨~小雨,东北风,小于3级,14.0,4
2016-03-31,13,11,中雨~小雨,东北风,小于3级,12.0,2
2016-02-01,4,1,雨夹雪,东北风,小于3级,2.5,3
2016-02-02,5,0,阴~多云,东北风,小于3级,2.5,5
2016-02-03,5,-1,阴~多云,东北风,小于3级,2.0,6
2016-02-04,10,0,晴~多云,东北风,小于3级,5.0,10
2016-02-05,10,1,多云,东北风,小于3级,5.5,9
2016-02-06,10,-1,多云~晴,东北风,小于3级,4.5,11
2016-02-07,12,0,晴,东北风,小于3级,6.0,12
2016-02-08,16,2,晴,东北风,小于3级,9.0,14
2016-02-09,17,0,晴,东北风,小于3级,8.5,17
2016-02-10,22,11,多云~阵雨,东北风,小于3级,16.5,11
2016-02-11,24,13,多云~阴,东北风,小于3级,18.5,11
2016-02-12,25,13,多云,东北风,小于3级,19.0,12
2016-02-13,17,6,中雨~小雨,东北风,小于3级,11.5,11
2016-02-14,19,7,小雨~阵雨,东北风,小于3级,13.0,12
2016-02-15,9,1,雾~多云,东北风,小于3级,5.0,8
2016-02-16,10,0,多云~晴,东北风,小于3级,5.0,10
2016-02-17,12,0,晴,东北风,小于3级,6.0,12
2016-02-18,18,8,晴~多云,东北风,小于3级,13.0,10
2016-02-19,18,5,多云,东北风,小于3级,11.5,13
2016-02-20,14,4,多云,东北风,小于3级,9.0,10
2016-02-21,15,4,多云~阴,东北风,小于3级,9.5,11
2016-02-22,13,5,阴~小雨,东北风,小于3级,9.0,8
2016-02-23,10,6,中雨~小雨,东北风,小于3级,8.0,4
2016-02-24,10,3,阴~多云,东北风,小于3级,6.5,7
2016-02-25,15,7,多云~阴,东北风,小于3级,11.0,8
2016-02-26,13,5,小雨~多云,东北风,小于3级,9.0,8
2016-02-27,19,5,多云~晴,东北风,小于3级,12.0,14
2016-02-28,19,7,晴,东北风,小于3级,13.0,12
2016-02-29,16,3,晴,东北风,小于3级,9.5,13
2016-01-01,15,3,晴,东北风,小于3级,9.0,12
2016-01-02,15,4,多云,东北风,小于3级,9.5,11
2016-01-03,17,12,阴,东北风,小于3级,14.5,5
2016-01-04,20,12,阵雨~小雨,东北风,小于3级,16.0,8
2016-01-05,17,9,小雨,东北风,小于3级,13.0,8
2016-01-06,11,7,小雨~阴,东北风,小于3级,9.0,4
2016-01-07,13,7,阴,东北风,小于3级,10.0,6
2016-01-08,11,5,阴,东北风,小于3级,8.0,6
2016-01-09,12,7,小雨,东北风,小于3级,9.5,5
2016-01-10,10,7,小到中雨~小雨,东北风,小于3级,8.5,3
2016-01-11,9,7,小雨,东北风,小于3级,8.0,2
2016-01-12,9,4,阴,东北风,小于3级,6.5,5
2016-01-13,9,3,多云,东北风,小于3级,6.0,6
2016-01-14,10,6,小雨,东北风,小于3级,8.0,4
2016-01-15,9,4,阴~多云,东北风,小于3级,6.5,5
2016-01-16,10,4,阴~多云,东北风,小于3级,7.0,6
2016-01-17,14,7,阵雨~小到中雨,东北风,小于3级,10.5,7
2016-01-18,12,1,晴~多云,东北风,小于3级,6.5,11
2016-01-19,10,3,多云~阴,东北风,小于3级,6.5,7
2016-01-20,7,3,小雨~小到中雨,东北风,小于3级,5.0,4
2016-01-21,3,0,小雨~小到中雨,东北风,小于3级,1.5,3
2016-01-22,1,-1,中到大雪~小到中雪,东北风,小于3级,0.0,2
2016-01-23,1,-6,阴,东北风,小于3级,-2.5,7
2016-01-24,-1,-11,晴,东北风,小于3级,-6.0,10
2016-01-25,0,-6,晴,东北风,小于3级,-3.0,6
2016-01-26,8,2,阴~小雨,东北风,小于3级,5.0,6
2016-01-27,7,-2,阴~小雨,东北风,小于3级,2.5,9
2016-01-28,6,3,小雨,东北风,小于3级,4.5,3
2016-01-29,9,5,小雨~中雨,东北风,小于3级,7.0,4
2016-01-30,7,4,阴,东北风,小于3级,5.5,3
2016-01-31,7,3,小雨~阴,东北风,小于3级,5.0,4
2015-12-01,16,10,多云,东北风,小于3级,13.0,6
2015-12-02,19,11,多云~小雨,东北风,小于3级,15.0,8
2015-12-03,14,6,小雨~阴,东北风,小于3级,10.0,8
2015-12-04,15,7,晴~多云,东北风,小于3级,11.0,8
2015-12-05,7,5,中到大雨~小到中雨,东北风,小于3级,6.0,2
2015-12-06,10,5,阴~多云,东北风,小于3级,7.5,5
2015-12-07,13,5,多云,东北风,小于3级,9.0,8
2015-12-08,16,9,晴~阵雨,东北风,小于3级,12.5,7
2015-12-09,11,7,晴~阵雨,东北风,小于3级,9.0,4
2015-12-10,12,10,小雨~阴,东北风,小于3级,11.0,2
2015-12-11,12,8,小雨~阴,东北风,小于3级,10.0,4
2015-12-12,12,9,阴,东北风,小于3级,10.5,3
2015-12-13,12,10,小雨,东北风,小于3级,11.0,2
2015-12-14,11,8,小雨,东北风,小于3级,9.5,3
2015-12-15,12,4,多云,东北风,小于3级,8.0,8
2015-12-16,11,-1,多云~晴,东北风,小于3级,5.0,12
2015-12-17,12,-1,多云,东北风,小于3级,5.5,13
2015-12-18,10,1,晴,东北风,小于3级,5.5,9
2015-12-19,10,0,晴,东北风,小于3级,5.0,10
2015-12-20,12,7,阴~多云,东北风,小于3级,9.5,5
2015-12-21,15,10,阴,东北风,小于3级,12.5,5
2015-12-22,14,5,多云~阵雨,东北风,小于3级,9.5,9
2015-12-23,12,9,小雨~中到大雨,东北风,小于3级,10.5,3
2015-12-24,12,9,小雨,东北风,小于3级,10.5,3
2015-12-25,11,7,多云,东北风,小于3级,9.0,4
2015-12-26,11,9,阴~小雨,东北风,小于3级,10.0,2
2015-12-27,12,6,多云,东北风,小于3级,9.0,6
2015-12-28,13,6,阴~多云,东北风,小于3级,9.5,7
2015-12-29,12,5,多云,东北风,小于3级,8.5,7
2015-12-30,15,4,多云,东北风,小于3级,9.5,11
2015-12-31,15,3,晴~多云,东北风,小于3级,9.0,12
2015-11-01,15,9,小雨~晴,东北风,小于3级,12.0,6
2015-11-02,15,9,小雨~多云,东北风,小于3级,12.0,6
2015-11-03,20,14,多云,东北风,小于3级,17.0,6
2015-11-04,20,10,多云,东北风,小于3级,15.0,10
2015-11-05,18,13,阵雨,东北风,小于3级,15.5,5
2015-11-06,26,16,多云,东北风,小于3级,21.0,10
2015-11-07,29,19,多云~阵雨,东北风,小于3级,24.0,10
2015-11-08,19,13,中雨~小雨,东北风,小于3级,16.0,6
2015-11-09,16,12,多云,东北风,小于3级,14.0,4
2015-11-10,18,12,多云~阵雨,东北风,小于3级,15.0,6
2015-11-11,17,11,多云~阵雨,东北风,小于3级,14.0,6
2015-11-12,15,13,中雨,东北风,小于3级,14.0,2
2015-11-13,15,12,中到大雨~中雨,东北风,小于3级,13.5,3
2015-11-14,17,12,多云,东北风,小于3级,14.5,5
2015-11-15,22,15,多云~阵雨,东北风,小于3级,18.5,7
2015-11-16,21,15,多云~中雨,东北风,小于3级,18.0,6
2015-11-17,19,17,中雨~暴雨,东北风,小于3级,18.0,2
2015-11-18,17,15,小雨~阴,东北风,小于3级,16.0,2
2015-11-19,18,14,阴,东北风,小于3级,16.0,4
2015-11-20,18,16,小雨~小到中雨,东北风,小于3级,17.0,2
2015-11-21,17,15,小到中雨~阴,东北风,小于3级,16.0,2
2015-11-22,20,16,多云,东北风,小于3级,18.0,4
2015-11-23,22,15,多云~阴,东北风,小于3级,18.5,7
2015-11-24,20,8,阴~小雨,东北风,小于3级,14.0,12
2015-11-25,20,9,阴~小雨,东北风,小于3级,14.5,11
2015-11-26,9,5,阵雨~晴,东北风,小于3级,7.0,4
2015-11-27,12,1,晴,东北风,小于3级,6.5,11
2015-11-28,12,8,多云~小雨,东北风,小于3级,10.0,4
2015-11-29,11,6,小雨~多云,东北风,小于3级,8.5,5
2015-11-30,17,10,多云,东北风,小于3级,13.5,7
2015-10-01,24,15,小雨~多云,东北风,小于3级,19.5,9
2015-10-02,27,16,多云~晴,东北风,小于3级,21.5,11
2015-10-03,29,20,晴~多云,东北风,小于3级,24.5,9
2015-10-04,29,21,阵雨,东北风,小于3级,25.0,8
2015-10-05,26,22,阴~多云,东北风,小于3级,24.0,4
2015-10-06,25,21,阴~小雨,东北风,小于3级,23.0,4
2015-10-07,24,19,大雨~中雨,东北风,小于3级,21.5,5
2015-10-08,25,18,小雨~阴,东北风,小于3级,21.5,7
2015-10-09,25,17,多云,东北风,小于3级,21.0,8
2015-10-10,23,15,多云,东北风,小于3级,19.0,8
2015-10-11,25,13,晴,东北风,小于3级,19.0,12
2015-10-12,26,14,晴,东北风,小于3级,20.0,12
2015-10-13,25,14,晴,东北风,小于3级,19.5,11
2015-10-14,25,13,多云~晴,东北风,小于3级,19.0,12
2015-10-15,28,14,晴,东北风,小于3级,21.0,14
2015-10-16,29,15,晴,东北风,小于3级,22.0,14
2015-10-17,28,14,晴,东北风,小于3级,21.0,14
2015-10-18,27,14,晴,东北风,小于3级,20.5,13
2015-10-19,26,16,多云,东北风,小于3级,21.0,10
2015-10-20,26,17,多云,东北风,小于3级,21.5,9
2015-10-21,28,17,多云,东北风,小于3级,22.5,11
2015-10-22,29,17,晴,东北风,小于3级,23.0,12
2015-10-23,28,18,晴~多云,东北风,小于3级,23.0,10
2015-10-24,28,19,晴~多云,东北风,小于3级,23.5,9
2015-10-25,29,19,晴,东北风,小于3级,24.0,10
2015-10-26,29,19,多云~阵雨,东北风,小于3级,24.0,10
2015-10-27,23,17,小雨~阴,东北风,小于3级,20.0,6
2015-10-28,22,16,阴~小雨,东北风,小于3级,19.0,6
2015-10-29,20,14,中雨~小到中雨,东北风,小于3级,17.0,6
2015-10-30,16,12,小雨,东北风,小于3级,14.0,4
2015-10-31,15,12,小雨~小到中雨,东北风,小于3级,13.5,3
2015-09-01,33,23,多云,东北风,小于3级,28.0,10
2015-09-02,33,23,晴~多云,东北风,小于3级,28.0,10
2015-09-03,31,23,阵雨~多云,东北风,小于3级,27.0,8
2015-09-04,33,24,多云,东北风,小于3级,28.5,9
2015-09-05,30,23,中雨,东北风,小于3级,26.5,7
2015-09-06,30,22,阵雨~多云,东北风,小于3级,26.0,8
2015-09-07,31,21,晴~多云,东北风,小于3级,26.0,10
2015-09-08,32,21,晴,东北风,小于3级,26.5,11
2015-09-09,31,20,晴,东北风,小于3级,25.5,11
2015-09-10,30,19,晴,东北风,小于3级,24.5,11
2015-09-11,32,21,晴~多云,东北风,小于3级,26.5,11
2015-09-12,27,18,多云~晴,东北风,小于3级,22.5,9
2015-09-13,26,18,多云,东北风,小于3级,22.0,8
2015-09-14,24,19,阵雨,东北风,小于3级,21.5,5
2015-09-15,24,18,小雨~多云,东北风,小于3级,21.0,6
2015-09-16,28,18,多云~晴,东北风,小于3级,23.0,10
2015-09-17,30,19,晴,东北风,小于3级,24.5,11
2015-09-18,29,21,多云~阴,东北风,小于3级,25.0,8
2015-09-19,25,19,小雨,东北风,小于3级,22.0,6
2015-09-20,23,19,阵雨~多云,东北风,小于3级,21.0,4
2015-09-21,25,20,阴~阵雨,东北风,小于3级,22.5,5
2015-09-22,26,21,小雨,东北风,小于3级,23.5,5
2015-09-23,27,21,小雨~多云,东北风,小于3级,24.0,6
2015-09-24,30,22,多云~小雨,东北风,小于3级,26.0,8
2015-09-25,25,20,小到中雨~小雨,东北风,小于3级,22.5,5
2015-09-26,26,19,多云,东北风,小于3级,22.5,7
2015-09-27,28,19,多云,东北风,小于3级,23.5,9
2015-09-28,28,21,多云,东北风,小于3级,24.5,7
2015-09-29,27,22,小到中雨~中雨,东北风,小于3级,24.5,5
2015-09-30,26,21,中雨,东北风,小于3级,23.5,5
2015-08-01,36,26,晴,东北风,小于3级,31.0,10
2015-08-02,37,25,晴,东北风,小于3级,31.0,12
2015-08-03,37,26,晴,东北风,小于3级,31.5,11
2015-08-04,37,26,晴,东北风,小于3级,31.5,11
2015-08-05,37,26,晴,东北风,小于3级,31.5,11
2015-08-06,37,26,晴,东北风,小于3级,31.5,11
2015-08-07,35,25,多云,东北风,小于3级,30.0,10
2015-08-08,31,25,多云~大雨,东北风,小于3级,28.0,6
2015-08-09,31,25,多云~大雨,东北风,小于3级,28.0,6
2015-08-10,30,25,中雨~阴,东北风,小于3级,27.5,5
2015-08-11,29,24,小到中雨~阵雨,东北风,小于3级,26.5,5
2015-08-12,31,24,阵雨~多云,东北风,小于3级,27.5,7
2015-08-13,30,24,阵雨~多云,东北风,小于3级,27.0,6
2015-08-14,30,25,阵雨~多云,东北风,小于3级,27.5,5
2015-08-15,31,24,阵雨,东北风,小于3级,27.5,7
2015-08-16,32,24,多云,东北风,小于3级,28.0,8
2015-08-17,32,24,阵雨~多云,东北风,小于3级,28.0,8
2015-08-18,34,25,多云,东北风,小于3级,29.5,9
2015-08-19,33,25,阴~小雨,东北风,小于3级,29.0,8
2015-08-20,30,24,雷阵雨~阵雨,东北风,小于3级,27.0,6
2015-08-21,31,24,雷阵雨~阴,东北风,小于3级,27.5,7
2015-08-22,30,24,阵雨~阴,东北风,小于3级,27.0,6
2015-08-23,31,24,阵雨~多云,东北风,小于3级,27.5,7
2015-08-24,31,23,多云,东北风,小于3级,27.0,8
2015-08-25,31,23,多云,东北风,小于3级,27.0,8
2015-08-26,31,22,多云,东北风,小于3级,26.5,9
2015-08-27,32,23,多云,东北风,小于3级,27.5,9
2015-08-28,31,22,阴,东北风,小于3级,26.5,9
2015-08-29,31,23,阴~阵雨,东北风,小于3级,27.0,8
2015-08-30,30,22,多云,东北风,小于3级,26.0,8
2015-08-31,32,23,多云,东北风,小于3级,27.5,9
2015-07-01,32,24,中雨,东北风,小于3级,28.0,8
2015-07-02,29,23,中雨~中到大雨,东北风,小于3级,26.0,6
2015-07-03,29,20,中雨~阵雨,东北风,小于3级,24.5,9
2015-07-04,24,19,中雨~阵雨,东北风,小于3级,21.5,5
2015-07-05,23,19,阵雨,东北风,小于3级,21.0,4
2015-07-06,23,19,阵雨,东北风,小于3级,21.0,4
2015-07-07,21,20,小雨~阵雨,东北风,小于3级,20.5,1
2015-07-08,24,22,阵雨~阴,东北风,小于3级,23.0,2
2015-07-09,30,24,多云,东北风,小于3级,27.0,6
2015-07-10,31,24,阵雨,东北风,小于3级,27.5,7
2015-07-11,28,23,阵雨,东北风,小于3级,25.5,5
2015-07-12,31,23,多云,东北风,小于3级,27.0,8
2015-07-13,34,25,晴,东北风,小于3级,29.5,9
2015-07-14,36,25,晴,东北风,小于3级,30.5,11
2015-07-15,35,26,多云,东北风,小于3级,30.5,9
2015-07-16,34,24,雷雨~中雨,东北风,小于3级,29.0,10
2015-07-17,31,24,中雨~阵雨,东北风,小于3级,27.5,7
2015-07-18,32,25,多云,东北风,小于3级,28.5,7
2015-07-19,32,25,多云,东北风,小于3级,28.5,7
2015-07-20,35,25,多云,东北风,小于3级,30.0,10
2015-07-21,32,25,雷阵雨,东北风,小于3级,28.5,7
2015-07-22,28,24,阵雨,东北风,小于3级,26.0,4
2015-07-23,31,24,阵雨~多云,东北风,小于3级,27.5,7
2015-07-24,32,25,雷阵雨~阴,东北风,小于3级,28.5,7
2015-07-25,32,25,阵雨~多云,东北风,小于3级,28.5,7
2015-07-26,34,26,阵雨~多云,东北风,小于3级,30.0,8
2015-07-27,36,25,晴,东北风,小于3级,30.5,11
2015-07-28,37,26,晴,东北风,小于3级,31.5,11
2015-07-29,36,25,晴,东北风,小于3级,30.5,11
2015-07-30,36,24,晴,东北风,小于3级,30.0,12
2015-07-31,36,25,晴,东北风,小于3级,30.5,11
2015-06-01,31,24,多云,东北风,小于3级,27.5,7
2015-06-02,34,25,雷雨~阵雨,东北风,小于3级,29.5,9
2015-06-03,28,20,大到暴雨~中雨,东北风,小于3级,24.0,8
2015-06-04,23,20,中到大雨~小雨,东北风,小于3级,21.5,3
2015-06-05,20,17,阵雨,东北风,小于3级,18.5,3
2015-06-06,31,23,多云,东北风,小于3级,27.0,8
2015-06-07,31,24,雷雨~阵雨,东北风,小于3级,27.5,7
2015-06-08,28,21,大到暴雨,东北风,小于3级,24.5,7
2015-06-09,25,21,大雨~中到大雨,东北风,小于3级,23.0,4
2015-06-10,27,23,中雨~大雨,东北风,小于3级,25.0,4
2015-06-11,27,20,中雨~阴,东北风,小于3级,23.5,7
2015-06-12,32,21,多云~中雨,东北风,小于3级,26.5,11
2015-06-13,26,21,中到大雨~大到暴雨,东北风,小于3级,23.5,5
2015-06-14,25,22,大到暴雨~中雨,东北风,小于3级,23.5,3
2015-06-15,31,25,阵雨~多云,东北风,小于3级,28.0,6
2015-06-16,34,25,多云,东北风,小于3级,29.5,9
2015-06-17,34,22,多云~中雨,东北风,小于3级,28.0,12
2015-06-18,29,21,大到暴雨~小雨,东北风,小于3级,25.0,8
2015-06-19,28,22,阵雨,东北风,小于3级,25.0,6
2015-06-20,30,23,多云,东北风,小于3级,26.5,7
2015-06-21,28,22,小到中雨~中雨,东北风,小于3级,25.0,6
2015-06-22,29,24,雷雨~多云,东北风,小于3级,26.5,5
2015-06-23,33,24,多云,东北风,小于3级,28.5,9
2015-06-24,34,25,多云,东北风,小于3级,29.5,9
2015-06-25,35,26,多云,东北风,小于3级,30.5,9
2015-06-26,36,27,多云~晴,东北风,小于3级,31.5,9
2015-06-27,37,27,晴,东北风,小于3级,32.0,10
2015-06-28,37,27,晴,东北风,小于3级,32.0,10
2015-06-29,37,27,晴,东北风,小于3级,32.0,10
2015-06-30,37,26,多云,东北风,小于3级,31.5,11
2015-05-01,30,19,多云转阵雨,东北风,小于3级,24.5,11
2015-05-02,24,21,中雨,东北风,小于3级,22.5,3
2015-05-03,29,20,阴转多云,东北风,小于3级,24.5,9
2015-05-04,25,20,多云转阴,东北风,小于3级,22.5,5
2015-05-05,23,17,小雨转阴,东北风,小于3级,20.0,6
2015-05-06,21,18,阵雨转中到大雨,东北风,小于3级,19.5,3
2015-05-07,31,16,雾转晴,东北风,小于3级,23.5,15
2015-05-08,30,18,多云转阵雨,东北风,小于3级,24.0,12
2015-05-09,30,18,多云转阵雨,东北风,小于3级,24.0,12
2015-05-10,30,18,多云转阵雨,东北风,小于3级,24.0,12
2015-05-11,30,18,多云转阵雨,东北风,小于3级,24.0,12
2015-05-12,27,14,晴,东北风,小于3级,20.5,13
2015-05-13,27,14,晴,东北风,小于3级,20.5,13
2015-05-14,29,18,晴~阵雨,东北风,小于3级,23.5,11
2015-05-15,27,19,大雨,东北风,小于3级,23.0,8
2015-05-16,30,21,中雨~大到暴雨,东北风,小于3级,25.5,9
2015-05-17,27,21,中雨,东北风,小于3级,24.0,6
2015-05-18,26,20,大雨~阵雨,东北风,小于3级,23.0,6
2015-05-19,29,21,大雨~中雨,东北风,小于3级,25.0,8
2015-05-20,29,21,阴~多云,东北风,小于3级,25.0,8
2015-05-21,32,19,多云,东北风,小于3级,25.5,13
2015-05-22,29,20,多云,东北风,小于3级,24.5,9
2015-05-23,29,22,大暴雨,东北风,小于3级,25.5,7
2015-05-24,27,21,阴~,东北风,小于3级,24.0,6
2015-05-25,30,20,多云,东北风,小于3级,25.0,10
2015-05-26,30,21,多云,东北风,小于3级,25.5,9
2015-05-27,30,22,阵雨,东北风,小于3级,26.0,8
2015-05-28,30,24,阵雨~,东北风,小于3级,27.0,6
2015-05-29,30,24,阵雨,东北风,小于3级,27.0,6
2015-05-30,31,24,中雨~中到大雨,东北风,小于3级,27.5,7
2015-05-31,28,23,阵雨~阴,东北风,小于3级,25.5,5
2015-04-01,33,19,多云转晴,东北风,小于3级,26.0,14
2015-04-02,33,22,多云转雷阵雨,东北风,小于3级,27.5,11
2015-04-03,30,21,雷阵雨转阵雨,东北风,小于3级,25.5,9
2015-04-04,32,21,多云,东北风,小于3级,26.5,11
2015-04-05,29,18,阵雨转雷阵雨,东北风,小于3级,23.5,11
2015-04-06,25,15,阵雨转中雨,东北风,小于3级,20.0,10
2015-04-07,12,9,阵雨转中雨,东北风,小于3级,10.5,3
2015-04-08,11,4,小雨转阴,东北风,小于3级,7.5,7
2015-04-09,11,8,阴转中雨,东北风,小于3级,9.5,3
2015-04-10,16,8,小雨转阴,东北风,小于3级,12.0,8
2015-04-11,20,8,阴,东北风,小于3级,14.0,12
2015-04-12,24,11,多云转晴,东北风,小于3级,17.5,13
2015-04-13,20,9,晴,东北风,小于3级,14.5,11
2015-04-14,21,6,晴,东北风,小于3级,13.5,15
2015-04-15,22,9,晴转多云,东北风,小于3级,15.5,13
2015-04-16,29,15,阵雨转多云,东北风,小于3级,22.0,14
2015-04-17,30,16,晴转多云,东北风,小于3级,23.0,14
2015-04-18,26,19,阴转中雨,东北风,小于3级,22.5,7
2015-04-19,24,19,小到中雨转中到大雨,东北风,小于3级,21.5,5
2015-04-20,21,16,小雨转阴,东北风,小于3级,18.5,5
2015-04-21,23,11,小雨转多云,东北风,小于3级,17.0,12
2015-04-22,27,13,多云,东北风,小于3级,20.0,14
2015-04-23,22,16,多云转阴,东北风,小于3级,19.0,6
2015-04-24,23,17,阴,东北风,小于3级,20.0,6
2015-04-25,26,16,阴转多云,东北风,小于3级,21.0,10
2015-04-26,24,17,多云转阴,东北风,小于3级,20.5,7
2015-04-27,25,17,多云转阵雨,东北风,小于3级,21.0,8
2015-04-28,30,17,多云转晴,东北风,小于3级,23.5,13
2015-04-29,32,19,多云,东北风,小于3级,25.5,13
2015-04-30,31,17,晴,东北风,小于3级,24.0,14
2015-03-01,9,4,小雨转多云,东北风,小于3级,6.5,5
2015-03-02,16,4,多云,东北风,小于3级,10.0,12
2015-03-03,10,7,小雨,东北风,小于3级,8.5,3
2015-03-04,10,4,阴转小雨,东北风,小于3级,7.0,6
2015-03-05,5,2,小雨转中雨,东北风,小于3级,3.5,3
2015-03-06,6,3,小雨,东北风,小于3级,4.5,3
2015-03-07,9,5,小雨,东北风,小于3级,7.0,4
2015-03-08,11,8,小雨转中雨,东北风,小于3级,9.5,3
2015-03-09,14,6,小雨转多云,东北风,小于3级,10.0,8
2015-03-10,12,7,多云,东北风,小于3级,9.5,5
2015-03-11,10,6,小雨,东北风,小于3级,8.0,4
2015-03-12,17,6,阴转多云,东北风,小于3级,11.5,11
2015-03-13,23,6,晴转多云,东北风,小于3级,14.5,17
2015-03-14,20,13,多云转中雨,东北风,小于3级,16.5,7
2015-03-15,17,12,中雨,东北风,小于3级,14.5,5
2015-03-16,21,12,小雨转雾,东北风,小于3级,16.5,9
2015-03-17,29,15,雾转多云,东北风,小于3级,22.0,14
2015-03-18,29,18,多云转雷阵雨,东北风,小于3级,23.5,11
2015-03-19,23,14,雷阵雨转多云,东北风,小于3级,18.5,9
2015-03-20,18,15,阴转小雨,东北风,小于3级,16.5,3
2015-03-21,16,14,小雨转多云,东北风,小于3级,15.0,2
2015-03-22,22,11,阴转多云,东北风,小于3级,16.5,11
2015-03-23,17,12,小雨,东北风,小于3级,14.5,5
2015-03-24,20,8,多云,东北风,小于3级,14.0,12
2015-03-25,21,10,多云,东北风,小于3级,15.5,11
2015-03-26,19,9,多云转阵雨,东北风,小于3级,14.0,10
2015-03-27,22,12,小雨转多云,东北风,小于3级,17.0,10
2015-03-28,23,10,多云,东北风,小于3级,16.5,13
2015-03-29,25,13,多云转阵雨,东北风,小于3级,19.0,12
2015-03-30,22,17,中雨,东北风,小于3级,19.5,5
2015-03-31,31,17,多云,东北风,小于3级,24.0,14
2015-02-01,6,2,小雨,东北风,小于3级,4.0,4
2015-02-02,7,2,阴转小雨,东北风,小于3级,4.5,5
2015-02-03,6,4,小雨,东北风,小于3级,5.0,2
2015-02-04,8,4,阴,东北风,小于3级,6.0,4
2015-02-05,10,1,雾转晴,东北风,小于3级,5.5,9
2015-02-06,12,-1,晴,东北风,小于3级,5.5,13
2015-02-07,14,1,晴转多云,东北风,小于3级,7.5,13
2015-02-08,12,2,多云转晴,东北风,小于3级,7.0,10
2015-02-09,9,-2,晴,东北风,小于3级,3.5,11
2015-02-10,9,-2,晴,东北风,小于3级,3.5,11
2015-02-11,17,4,多云转晴,东北风,小于3级,10.5,13
2015-02-12,19,3,晴,东北风,小于3级,11.0,16
2015-02-13,22,4,多云,东北风,小于3级,13.0,18
2015-02-14,22,5,晴转多云,东北风,小于3级,13.5,17
2015-02-15,19,13,多云转小雨,东北风,小于3级,16.0,6
2015-02-16,20,12,多云,东北风,小于3级,16.0,8
2015-02-17,18,10,多云,东北风,小于3级,14.0,8
2015-02-18,19,8,雾转多云,东北风,小于3级,13.5,11
2015-02-19,18,8,多云转阴,东北风,小于3级,13.0,10
2015-02-20,16,11,阵雨转小雨,东北风,小于3级,13.5,5
2015-02-21,14,9,中雨转小雨,东北风,小于3级,11.5,5
2015-02-22,15,9,多云转阴,东北风,小于3级,12.0,6
2015-02-23,14,9,阵雨转小雨,东北风,小于3级,11.5,5
2015-02-24,18,10,小雨转阴,东北风,小于3级,14.0,8
2015-02-25,15,10,阴转小雨,东北风,小于3级,12.5,5
2015-02-26,12,10,小雨,东北风,小于3级,11.0,2
2015-02-27,11,6,小雨,东北风,小于3级,8.5,5
2015-02-28,8,5,小雨转中雨,东北风,小于3级,6.5,3
2015-01-01,12,-1,晴,东北风,小于3级,5.5,13
2015-01-02,13,-1,晴,东北风,小于3级,6.0,14
2015-01-03,18,2,晴转多云,东北风,小于3级,10.0,16
2015-01-04,20,4,晴转多云,东北风,小于3级,12.0,16
2015-01-05,20,7,多云转阴,东北风,小于3级,13.5,13
2015-01-06,13,7,小雨转小到中雨,东北风,小于3级,10.0,6
2015-01-07,10,3,小雨转阴,东北风,小于3级,6.5,7
2015-01-08,13,1,雾转晴,东北风,小于3级,7.0,12
2015-01-09,13,2,晴转多云,东北风,小于3级,7.5,11
2015-01-10,12,7,阴,东北风,小于3级,9.5,5
2015-01-11,15,6,多云,东北风,小于3级,10.5,9
2015-01-12,13,6,多云转阴,东北风,小于3级,9.5,7
2015-01-13,9,5,小雨,东北风,小于3级,7.0,4
2015-01-14,10,5,小雨转阴,东北风,小于3级,7.5,5
2015-01-15,14,4,多云转雾,东北风,小于3级,9.0,10
2015-01-16,14,3,雾转晴,东北风,小于3级,8.5,11
2015-01-17,13,4,多云转晴,东北风,小于3级,8.5,9
2015-01-18,12,4,晴转多云,东北风,小于3级,8.0,8
2015-01-19,15,3,多云转晴,东北风,小于3级,9.0,12
2015-01-20,15,4,多云,东北风,小于3级,9.5,11
2015-01-21,17,6,小雨转晴,东北风,小于3级,11.5,11
2015-01-22,13,2,雾转晴,东北风,小于3级,7.5,11
2015-01-23,18,2,晴,东北风,小于3级,10.0,16
2015-01-24,22,5,晴,东北风,小于3级,13.5,17
2015-01-25,20,9,多云,东北风,小于3级,14.5,11
2015-01-26,17,10,小雨,东北风,小于3级,13.5,7
2015-01-27,14,9,阴转小雨,东北风,小于3级,11.5,5
2015-01-28,7,4,小雨,东北风,小于3级,5.5,3
2015-01-29,7,3,小雨,东北风,小于3级,5.0,4
2015-01-30,5,2,小雨,东北风,小于3级,3.5,3
2015-01-31,7,2,阴,东北风,小于3级,4.5,5
2014-12-01,13,9,小雨转阴,东北风,小于3级,11.0,4
2014-12-02,13,3,雾转晴,东北风,小于3级,8.0,10
2014-12-03,13,3,晴~多云,东北风,小于3级,8.0,10
2014-12-04,12,4,小雨转多云,东北风,小于3级,8.0,8
2014-12-05,13,2,晴,东北风,小于3级,7.5,11
2014-12-06,15,1,晴,东北风,小于3级,8.0,14
2014-12-07,13,4,多云转阴,东北风,小于3级,8.5,9
2014-12-08,15,6,多云,东北风,小于3级,10.5,9
2014-12-09,15,3,晴转多云,东北风,小于3级,9.0,12
2014-12-10,13,8,阴,东北风,小于3级,10.5,5
2014-12-11,10,7,小雨转阴,东北风,小于3级,8.5,3
2014-12-12,11,4,阴转多云,东北风,小于3级,7.5,7
2014-12-13,12,0,晴,东北风,小于3级,6.0,12
2014-12-14,14,0,晴,东北风,小于3级,7.0,14
2014-12-15,13,3,晴转多云,东北风,小于3级,8.0,10
2014-12-16,9,3,阴转多云,东北风,小于3级,6.0,6
2014-12-17,10,-2,晴,东北风,小于3级,4.0,12
2014-12-18,12,-1,晴,东北风,小于3级,5.5,13
2014-12-19,11,2,晴转多云,东北风,小于3级,6.5,9
2014-12-20,14,0,多云转晴,东北风,小于3级,7.0,14
2014-12-21,11,1,多云,东北风,小于3级,6.0,10
2014-12-22,11,-2,多云转晴,东北风,小于3级,4.5,13
2014-12-23,16,1,多云,东北风,小于3级,8.5,15
2014-12-24,17,3,多云转晴,东北风,小于3级,10.0,14
2014-12-25,14,4,晴转多云,东北风,小于3级,9.0,10
2014-12-26,13,5,多云,东北风,小于3级,9.0,8
2014-12-27,12,6,阴转多云,东北风,小于3级,9.0,6
2014-12-28,13,6,小雨转阴,东北风,小于3级,9.5,7
2014-12-29,15,2,雾转晴,东北风,小于3级,8.5,13
2014-12-30,18,1,雾转晴,东北风,小于3级,9.5,17
2014-12-31,15,3,晴,东北风,小于3级,9.0,12
2014-11-01,22,19,小雨,东北风,小于3级,20.5,3
2014-11-02,19,16,小雨转阴,东北风,小于3级,17.5,3
2014-11-03,18,9,多云转晴,东北风,小于3级,13.5,9
2014-11-04,19,8,晴,东北风,小于3级,13.5,11
2014-11-05,20,10,多云转阴,东北风,小于3级,15.0,10
2014-11-06,21,12,阴转多云,东北风,小于3级,16.5,9
2014-11-07,17,12,多云转阴,东北风,小于3级,14.5,5
2014-11-08,16,13,小雨,东北风,小于3级,14.5,3
2014-11-09,16,13,小雨,东北风,小于3级,14.5,3
2014-11-10,16,13,小雨,东北风,小于3级,14.5,3
2014-11-11,17,13,阴,东北风,小于3级,15.0,4
2014-11-12,20,12,阴转多云,东北风,小于3级,16.0,8
2014-11-13,17,12,多云,东北风,小于3级,14.5,5
2014-11-14,19,8,多云转晴,东北风,小于3级,13.5,11
2014-11-15,19,8,晴转多云,东北风,小于3级,13.5,11
2014-11-16,17,12,小雨,东北风,小于3级,14.5,5
2014-11-17,18,11,阴转多云,东北风,小于3级,14.5,7
2014-11-18,18,8,多云,东北风,小于3级,13.0,10
2014-11-19,19,8,多云,东北风,小于3级,13.5,11
2014-11-20,21,10,多云,东北风,小于3级,15.5,11
2014-11-21,22,11,多云,东北风,小于3级,16.5,11
2014-11-22,25,14,多云,东北风,小于3级,19.5,11
2014-11-23,25,13,多云,东北风,小于3级,19.0,12
2014-11-24,25,16,多云转小雨,东北风,小于3级,20.5,9
2014-11-25,17,13,小到中雨转小雨,东北风,小于3级,15.0,4
2014-11-26,19,10,阴转多云,东北风,小于3级,14.5,9
2014-11-27,26,11,多云,东北风,小于3级,18.5,15
2014-11-28,20,14,阵雨,东北风,小于3级,17.0,6
2014-11-29,23,14,阴,东北风,小于3级,18.5,9
2014-11-30,17,13,小到中雨转小雨,东北风,小于3级,15.0,4
2014-10-01,27,20,阴转多云,东北风,小于3级,23.5,7
2014-10-02,29,21,阴转多云,东北风,小于3级,25.0,8
2014-10-03,30,20,阴转多云,东北风,小于3级,25.0,10
2014-10-04,29,18,晴,东北风,小于3级,23.5,11
2014-10-05,29,17,晴,东北风,小于3级,23.0,12
2014-10-06,29,15,晴,东北风,小于3级,22.0,14
2014-10-07,27,14,晴,东北风,小于3级,20.5,13
2014-10-08,27,15,晴,东北风,小于3级,21.0,12
2014-10-09,29,15,晴,东北风,小于3级,22.0,14
2014-10-10,27,16,晴转多云,东北风,小于3级,21.5,11
2014-10-11,28,17,晴,东北风,小于3级,22.5,11
2014-10-12,26,18,多云,东北风,小于3级,22.0,8
2014-10-13,25,15,多云,东北风,小于3级,20.0,10
2014-10-14,25,12,多云,东北风,小于3级,18.5,13
2014-10-15,26,12,晴,东北风,小于3级,19.0,14
2014-10-16,27,12,晴,东北风,小于3级,19.5,15
2014-10-17,28,13,晴,东北风,小于3级,20.5,15
2014-10-18,29,16,晴转多云,东北风,小于3级,22.5,13
2014-10-19,31,16,晴,东北风,小于3级,23.5,15
2014-10-20,32,16,晴,东北风,小于3级,24.0,16
2014-10-21,26,17,多云转小雨,东北风,小于3级,21.5,9
2014-10-22,26,17,阴转多云,东北风,小于3级,21.5,9
2014-10-23,28,13,晴,东北风,小于3级,20.5,15
2014-10-24,28,14,晴,东北风,小于3级,21.0,14
2014-10-25,29,15,多云,东北风,小于3级,22.0,14
2014-10-26,30,16,晴转多云,东北风,小于3级,23.0,14
2014-10-27,28,17,多云,东北风,小于3级,22.5,11
2014-10-28,26,15,晴转多云,东北风,小于3级,20.5,11
2014-10-29,25,16,多云,东北风,小于3级,20.5,9
2014-10-30,27,18,多云,东北风,小于3级,22.5,9
2014-10-31,26,19,阴转阵雨,东北风,小于3级,22.5,7
2014-09-01,34,25,多云,东北风,小于3级,29.5,9
2014-09-02,34,25,多云,东北风,小于3级,29.5,9
2014-09-03,29,23,中雨转阵雨,东北风,小于3级,26.0,6
2014-09-04,31,21,多云,东北风,小于3级,26.0,10
2014-09-05,30,21,晴转多云,东北风,小于3级,25.5,9
2014-09-06,34,23,阵雨转多云,东北风,小于3级,28.5,11
2014-09-07,34,24,晴,东北风,小于3级,29.0,10
2014-09-08,34,23,晴,东北风,小于3级,28.5,11
2014-09-09,35,24,晴,东北风,小于3级,29.5,11
2014-09-10,34,25,晴转多云,东北风,小于3级,29.5,9
2014-09-11,32,25,多云转阵雨,东北风,小于3级,28.5,7
2014-09-12,35,25,多云,东北风,小于3级,30.0,10
2014-09-13,32,25,多云转阵雨,东北风,小于3级,28.5,7
2014-09-14,32,24,多云,东北风,小于3级,28.0,8
2014-09-15,33,24,多云,东北风,小于3级,28.5,9
2014-09-16,33,24,多云,东北风,小于3级,28.5,9
2014-09-17,35,24,晴,东北风,小于3级,29.5,11
2014-09-18,32,25,多云转阵雨,东北风,小于3级,28.5,7
2014-09-19,26,21,阵雨,东北风,小于3级,23.5,5
2014-09-20,26,18,小雨转阴,东北风,小于3级,22.0,8
2014-09-21,24,19,阵雨转小雨,东北风,小于3级,21.5,5
2014-09-22,25,20,阵雨转小雨,东北风,小于3级,22.5,5
2014-09-23,24,20,阵雨~小雨,东北风,小于3级,22.0,4
2014-09-24,30,21,多云,东北风,小于3级,25.5,9
2014-09-25,29,22,多云,东北风,小于3级,25.5,7
2014-09-26,32,22,多云转晴,东北风,小于3级,27.0,10
2014-09-27,34,22,晴,东北风,小于3级,28.0,12
2014-09-28,34,23,晴,东北风,小于3级,28.5,11
2014-09-29,33,24,多云转阵雨,东北风,小于3级,28.5,9
2014-09-30,27,20,小雨,东北风,小于3级,23.5,7
2014-08-01,34,25,多云,东北风,小于3级,29.5,9
2014-08-02,33,25,多云,东北风,小于3级,29.0,8
2014-08-03,33,25,多云转雷阵雨,东北风,小于3级,29.0,8
2014-08-04,36,25,晴,东北风,小于3级,30.5,11
2014-08-05,36,26,晴,东北风,小于3级,31.0,10
2014-08-06,36,26,多云,东北风,小于3级,31.0,10
2014-08-07,35,25,多云转雷阵雨,东北风,小于3级,30.0,10
2014-08-08,34,25,多云转雷阵雨,东北风,小于3级,29.5,9
2014-08-09,33,25,多云,东北风,小于3级,29.0,8
2014-08-10,33,26,多云,东北风,小于3级,29.5,7
2014-08-11,32,26,多云转阴,东北风,小于3级,29.0,6
2014-08-12,31,25,阵雨,东北风,小于3级,28.0,6
2014-08-13,30,25,阵雨,东北风,小于3级,27.5,5
2014-08-14,28,24,阵雨,东北风,小于3级,26.0,4
2014-08-15,31,22,阵雨转阴,东北风,小于3级,26.5,9
2014-08-16,30,23,阵雨,东北风,小于3级,26.5,7
2014-08-17,31,24,中雨转阵雨,东北风,小于3级,27.5,7
2014-08-18,28,24,小雨转中雨,东北风,小于3级,26.0,4
2014-08-19,24,21,大雨转中雨,东北风,小于3级,22.5,3
2014-08-20,28,21,阵雨,东北风,小于3级,24.5,7
2014-08-21,32,20,多云,东北风,小于3级,26.0,12
2014-08-22,32,24,多云,东北风,小于3级,28.0,8
2014-08-23,33,24,多云,东北风,小于3级,28.5,9
2014-08-24,33,25,多云转阵雨,东北风,小于3级,29.0,8
2014-08-25,30,25,小到中雨,东北风,小于3级,27.5,5
2014-08-26,33,25,多云,东北风,小于3级,29.0,8
2014-08-27,34,24,多云,东北风,小于3级,29.0,10
2014-08-28,34,25,多云,东北风,小于3级,29.5,9
2014-08-29,35,25,晴转雷阵雨,东北风,小于3级,30.0,10
2014-08-30,35,24,晴,东北风,小于3级,29.5,11
2014-08-31,34,24,晴,东北风,小于3级,29.0,10
2014-07-01,31,24,多云转中雨,东风,东北风小于3级,27.5,7
2014-07-02,33,24,雷阵雨转多云,东北风,东北风小于3级,28.5,9
2014-07-03,31,24,阵雨转雷阵雨,东北风,东北风小于3级,27.5,7
2014-07-04,34,25,多云转中雨,东北风,东北风小于3级,29.5,9
2014-07-05,34,25,雷阵雨转多云,西南风,东北风小于3级,29.5,9
2014-07-06,34,25,晴,东北风,东北风小于3级,29.5,9
2014-07-07,35,26,晴,东北风,东北风小于3级,30.5,9
2014-07-08,35,26,晴,东风,东北风小于3级,30.5,9
2014-07-09,36,26,晴,西南风,东北风小于3级,31.0,10
2014-07-10,36,26,晴,西南风,东北风小于3级,31.0,10
2014-07-11,36,26,晴转多云,东北风,小于3级,31.0,10
2014-07-12,36,26,多云转雷阵雨,东北风,小于3级,31.0,10
2014-07-13,32,26,中雨,东北风,小于3级,29.0,6
2014-07-14,30,23,中雨,东北风,小于3级,26.5,7
2014-07-15,31,24,小到中雨转阵雨,东北风,小于3级,27.5,7
2014-07-16,34,24,阴转多云,东北风,小于3级,29.0,10
2014-07-17,36,25,多云转晴,东北风,小于3级,30.5,11
2014-07-18,36,26,晴,东北风,小于3级,31.0,10
2014-07-19,37,26,晴,东北风,小于3级,31.5,11
2014-07-20,37,27,晴,东北风,小于3级,32.0,10
2014-07-21,37,27,晴,东北风,小于3级,32.0,10
2014-07-22,37,26,晴,东北风,小于3级,31.5,11
2014-07-23,38,26,晴,东北风,小于3级,32.0,12
2014-07-24,27,24,中雨转大到暴雨,东北风,小于3级,25.5,3
2014-07-25,32,24,大雨转小雨,东北风,小于3级,28.0,8
2014-07-26,33,25,多云,东北风,小于3级,29.0,8
2014-07-27,33,26,多云转晴,东北风,小于3级,29.5,7
2014-07-28,35,25,多云,东北风,小于3级,30.0,10
2014-07-29,36,25,多云转晴,东北风,小于3级,30.5,11
2014-07-30,37,25,晴,东北风,小于3级,31.0,12
2014-07-31,37,26,晴,东北风,小于3级,31.5,11
2014-06-01,27,23,小雨转大雨,东北风,小于3级,25.0,4
2014-06-02,31,22,大雨转多云,东北风,小于3级,26.5,9
2014-06-03,31,19,多云,东北风,小于3级,25.0,12
2014-06-04,31,19,晴,东北风,小于3级,25.0,12
2014-06-05,32,20,晴,东北风,小于3级,26.0,12
2014-06-06,30,21,多云转阴,东北风,小于3级,25.5,9
2014-06-07,32,22,阴转多云,东北风,小于3级,27.0,10
2014-06-08,32,22,阴转多云,东北风,小于3级,27.0,10
2014-06-09,34,23,多云,东北风,小于3级,28.5,11
2014-06-10,22,33,晴,东北风,东北风小于3级,27.5,11
2014-06-11,21,33,晴,东风,东北风小于3级,27.0,12
2014-06-12,21,33,晴,东北风,东北风小于3级,27.0,12
2014-06-13,24,35,晴,东北风,东北风小于3级,29.5,11
2014-06-14,25,36,晴,东北风,东北风小于3级,30.5,11
2014-06-15,26,35,多云转阵雨,东南风,东北风小于3级,30.5,9
2014-06-16,29,24,阵雨转中雨,西南风,东北风小于3级,26.5,5
2014-06-17,28,22,中雨,西南风,东北风小于3级,25.0,6
2014-06-18,28,23,阵雨转中雨,东风,东北风小于3级,25.5,5
2014-06-19,28,24,中到大雨,东北风,东北风小于3级,26.0,4
2014-06-20,26,23,中雨转大到暴雨,西风,东北风小于3级,24.5,3
2014-06-21,26,22,大雨转中到大雨,东风,东北风小于3级,24.0,4
2014-06-22,25,20,大雨转中雨,东风,东北风小于3级,22.5,5
2014-06-23,24,20,中雨,东北风,东北风小于3级,22.0,4
2014-06-24,22,29,阴,东北风,东北风小于3级,25.5,7
2014-06-25,23,30,阵雨转中雨,东风,东北风小于3级,26.5,7
2014-06-26,28,24,中雨转大到暴雨,西南风,东北风小于3级,26.0,4
2014-06-27,27,24,中雨,东北风,东北风小于3级,25.5,3
2014-06-28,28,23,小到中雨,东风,东北风小于3级,25.5,5
2014-06-29,30,23,多云转阴,东风,东北风小于3级,26.5,7
2014-06-30,30,23,多云,东北风,东北风小于3级,26.5,7
2014-05-01,29,15,晴,东北风,小于3级,22.0,14
2014-05-02,31,15,晴,东北风,小于3级,23.0,16
2014-05-03,31,16,多云,东北风,小于3级,23.5,15
2014-05-04,23,18,阴转中雨,东北风,小于3级,20.5,5
2014-05-05,21,14,小雨转阴,东北风,小于3级,17.5,7
2014-05-06,25,14,晴转多云,东北风,小于3级,19.5,11
2014-05-07,27,15,晴转多云,东北风,小于3级,21.0,12
2014-05-08,30,16,多云,东北风,小于3级,23.0,14
2014-05-09,25,18,阵雨转中雨,东北风,小于3级,21.5,7
2014-05-10,24,18,小雨,东北风,小于3级,21.0,6
2014-05-11,25,18,中雨转暴雨,东北风,小于3级,21.5,7
2014-05-12,27,18,阵雨转多云,东北风,小于3级,22.5,9
2014-05-13,28,20,阴转中雨,东北风,小于3级,24.0,8
2014-05-14,26,20,中雨转大到暴雨,东北风,小于3级,23.0,6
2014-05-15,28,21,中雨转阴,东北风,小于3级,24.5,7
2014-05-16,29,20,多云转阵雨,东北风,小于3级,24.5,9
2014-05-17,26,21,小雨转中到大雨,东北风,小于3级,23.5,5
2014-05-18,26,20,中雨转阵雨,东北风,小于3级,23.0,6
2014-05-19,24,20,小雨转中雨,东北风,小于3级,22.0,4
2014-05-20,29,19,中雨转阴,东北风,小于3级,24.0,10
2014-05-21,29,19,多云转阵雨,东北风,小于3级,24.0,10
2014-05-22,24,19,大雨转大到暴雨,东北风,小于3级,21.5,5
2014-05-23,26,16,阵雨转阴,东北风,小于3级,21.0,10
2014-05-24,31,19,阴转多云,东北风,小于3级,25.0,12
2014-05-25,27,23,阵雨转中雨,东北风,小于3级,25.0,4
2014-05-26,29,23,阵雨转阴,东北风,小于3级,26.0,6
2014-05-27,33,21,多云转晴,东北风,小于3级,27.0,12
2014-05-28,32,21,多云转晴,东北风,小于3级,26.5,11
2014-05-29,29,22,多云转阴,东北风,小于3级,25.5,7
2014-05-30,28,20,小雨,东北风,小于3级,24.0,8
2014-05-31,27,19,小雨转中雨,东北风,小于3级,23.0,8
2014-04-01,18,13,小雨,东北风,小于3级,15.5,5
2014-04-02,22,11,多云,东北风,小于3级,16.5,11
2014-04-03,24,15,阴转多云,东北风,小于3级,19.5,9
2014-04-04,23,13,多云转晴,东北风,小于3级,18.0,10
2014-04-05,25,14,晴转多云,东北风,小于3级,19.5,11
2014-04-06,23,14,多云转阵雨,东北风,小于3级,18.5,9
2014-04-07,18,13,中雨转小雨,东北风,小于3级,15.5,5
2014-04-08,21,12,阵雨转阴,东北风,小于3级,16.5,9
2014-04-09,28,14,多云转晴,东北风,小于3级,21.0,14
2014-04-10,29,15,晴转多云,东北风,小于3级,22.0,14
2014-04-11,29,19,多云,东北风,小于3级,24.0,10
2014-04-12,23,18,小雨转中雨,东北风,小于3级,20.5,5
2014-04-13,25,18,阵雨转多云,东北风,小于3级,21.5,7
2014-04-14,23,12,小雨转雾,东北风,小于3级,17.5,11
2014-04-15,28,14,多云,东北风,小于3级,21.0,14
2014-04-16,29,18,多云,东北风,小于3级,23.5,11
2014-04-17,30,20,多云转阵雨,东北风,小于3级,25.0,10
2014-04-18,33,20,多云,东北风,小于3级,26.5,13
2014-04-19,27,20,多云转中雨,东北风,小于3级,23.5,7
2014-04-20,23,17,阵雨转阴,东北风,小于3级,20.0,6
2014-04-21,21,16,阴转中雨,东北风,小于3级,18.5,5
2014-04-22,19,15,阵雨,东北风,小于3级,17.0,4
2014-04-23,21,13,阴转阵雨,东北风,小于3级,17.0,8
2014-04-24,20,15,阵雨转中雨,东北风,小于3级,17.5,5
2014-04-25,23,15,中雨,东北风,小于3级,19.0,8
2014-04-26,21,18,中雨转小雨,东北风,小于3级,19.5,3
2014-04-27,23,18,阵雨,东北风,小于3级,20.5,5
2014-04-28,24,14,多云,东北风,小于3级,19.0,10
2014-04-29,26,14,多云转晴,东北风,小于3级,20.0,12
2014-04-30,28,16,阴转晴,东北风,小于3级,22.0,12
2014-03-01,14,11,中雨转小到中雨,东北风,小于3级,12.5,3
2014-03-02,11,7,小雨,东北风,小于3级,9.0,4
2014-03-03,11,6,小雨,东北风,小于3级,8.5,5
2014-03-04,9,7,小雨,东北风,小于3级,8.0,2
2014-03-05,13,6,阴转多云,东北风,小于3级,9.5,7
2014-03-06,10,5,小雨转中雨,东北风,小于3级,7.5,5
2014-03-07,5,2,小到中雨转中到大雨,东北风,小于3级,3.5,3
2014-03-08,8,4,小到中雨转阵雨,东北风,小于3级,6.0,4
2014-03-09,16,4,雾转晴,东北风,小于3级,10.0,12
2014-03-10,18,4,雾转晴,东北风,小于3级,11.0,14
2014-03-11,18,8,晴转多云,东北风,小于3级,13.0,10
2014-03-12,13,11,大雨,东北风,小于3级,12.0,2
2014-03-13,16,9,小雨转多云,东北风,小于3级,12.5,7
2014-03-14,18,6,雾转晴,东北风,小于3级,12.0,12
2014-03-15,20,6,晴转多云,东北风,小于3级,13.0,14
2014-03-16,22,9,晴转多云,东北风,小于3级,15.5,13
2014-03-17,25,13,阵雨转多云,东北风,小于3级,19.0,12
2014-03-18,29,16,多云,东北风,小于3级,22.5,13
2014-03-19,26,17,中雨转中到大雨,东北风,小于3级,21.5,9
2014-03-20,18,11,阵雨转多云,东北风,小于3级,14.5,7
2014-03-21,16,6,阵雨转多云,东北风,小于3级,11.0,10
2014-03-22,22,4,晴,东北风,小于3级,13.0,18
2014-03-23,24,10,多云,东北风,小于3级,17.0,14
2014-03-24,25,12,多云转阴,东北风,小于3级,18.5,13
2014-03-25,24,13,多云转阵雨,东北风,小于3级,18.5,11
2014-03-26,27,14,多云,东北风,小于3级,20.5,13
2014-03-27,25,17,阵雨,东北风,小于3级,21.0,8
2014-03-28,27,18,阵雨转中雨,东北风,小于3级,22.5,9
2014-03-29,22,18,大雨转阵雨,东北风,小于3级,20.0,4
2014-03-30,24,14,阵雨,东北风,小于3级,19.0,10
2014-03-31,22,14,雷阵雨转大雨,东北风,小于3级,18.0,8
2014-02-01,26,10,晴,东北风,小于3级,18.0,16
2014-02-02,26,12,晴,东北风,小于3级,19.0,14
2014-02-03,26,12,晴,东北风,小于3级,19.0,14
2014-02-04,25,8,晴转多云,东北风,小于3级,16.5,17
2014-02-05,11,5,阴,东北风,小于3级,8.0,6
2014-02-06,15,8,阴转阵雨,东北风,小于3级,11.5,7
2014-02-07,9,6,小到中雨,东北风,小于3级,7.5,3
2014-02-08,6,3,小雨,东北风,小于3级,4.5,3
2014-02-09,4,0,小雨转小雪,东北风,小于3级,2.0,4
2014-02-10,3,-2,雨夹雪转小雪,东北风,小于3级,0.5,5
2014-02-11,5,-2,多云,东北风,小于3级,1.5,7
2014-02-12,4,-2,多云转雨夹雪,东北风,小于3级,1.0,6
2014-02-13,4,0,雨夹雪转小到中雪,东北风,小于3级,2.0,4
2014-02-14,7,0,阴转多云,东北风,小于3级,3.5,7
2014-02-15,10,2,阴,东北风,小于3级,6.0,8
2014-02-16,9,5,阴转小雨,东北风,小于3级,7.0,4
2014-02-17,8,6,小雨,东北风,小于3级,7.0,2
2014-02-18,9,6,小雨转中雨,东北风,小于3级,7.5,3
2014-02-19,5,0,雨夹雪转阴,东北风,小于3级,2.5,5
2014-02-20,12,-1,雾转晴,东北风,小于3级,5.5,13
2014-02-21,15,1,雾转晴,东北风,小于3级,8.0,14
2014-02-22,18,5,晴,东北风,小于3级,11.5,13
2014-02-23,19,6,多云,东北风,小于3级,12.5,13
2014-02-24,15,11,阴转小雨,东北风,小于3级,13.0,4
2014-02-25,12,9,中雨转中到大雨,东北风,小于3级,10.5,3
2014-02-26,16,10,小到中雨转多云,东北风,小于3级,13.0,6
2014-02-27,18,8,阴转多云,东北风,小于3级,13.0,10
2014-02-28,16,11,多云转阵雨,东北风,小于3级,13.5,5
2014-01-01,17,0,晴,东北风,小于3级,8.5,17
2014-01-02,19,-1,晴,东北风,小于3级,9.0,20
2014-01-03,18,4,晴,东北风,小于3级,11.0,14
2014-01-04,17,4,晴,东北风,小于3级,10.5,13
2014-01-05,16,1,晴,东北风,小于3级,8.5,15
2014-01-06,17,1,晴转多云,东北风,小于3级,9.0,16
2014-01-07,14,6,多云转阴,东北风,小于3级,10.0,8
2014-01-08,8,4,中雨转小雨,东北风,小于3级,6.0,4
2014-01-09,8,1,阴转多云,东北风,小于3级,4.5,7
2014-01-10,11,3,多云转阴,东北风,小于3级,7.0,8
2014-01-11,9,6,阴转小雨,东北风,小于3级,7.5,3
2014-01-12,6,3,小雨,东北风,小于3级,4.5,3
2014-01-13,5,2,小雨,东北风,小于3级,3.5,3
2014-01-14,12,0,雾转晴,东北风,小于3级,6.0,12
2014-01-15,12,-1,晴,东北风,小于3级,5.5,13
2014-01-16,13,-1,晴,东北风,小于3级,6.0,14
2014-01-17,14,1,多云,东北风,小于3级,7.5,13
2014-01-18,15,1,雾转晴,东北风,小于3级,8.0,14
2014-01-19,14,-1,晴,东北风,小于3级,6.5,15
2014-01-20,12,2,晴,东北风,小于3级,7.0,10
2014-01-21,12,-2,晴,东北风,小于3级,5.0,14
2014-01-22,13,-3,晴,东北风,小于3级,5.0,16
2014-01-23,16,-2,晴,东北风,小于3级,7.0,18
2014-01-24,19,0,晴,东北风,小于3级,9.5,19
2014-01-25,20,2,晴转多云,东北风,小于3级,11.0,18
2014-01-26,16,4,晴,东北风,小于3级,10.0,12
2014-01-27,16,5,多云,东北风,小于3级,10.5,11
2014-01-28,15,7,多云,东北风,小于3级,11.0,8
2014-01-29,16,8,多云转小雨,东北风,小于3级,12.0,8
2014-01-30,22,7,多云转晴,东北风,小于3级,14.5,15
2014-01-31,25,11,晴,东北风,小于3级,18.0,14
2013-12-01,17,5,晴,东北风,小于3级,11.0,12
2013-12-02,20,4,晴,东北风,小于3级,12.0,16
2013-12-03,19,5,晴,东北风,小于3级,12.0,14
2013-12-04,19,3,晴,东北风,小于3级,11.0,16
2013-12-05,17,5,晴,东北风,小于3级,11.0,12
2013-12-06,19,7,晴,东北风,小于3级,13.0,12
2013-12-07,19,6,晴,东北风,小于3级,12.5,13
2013-12-08,21,7,晴,东北风,小于3级,14.0,14
2013-12-09,17,9,多云转阴,东北风,小于3级,13.0,8
2013-12-10,13,4,多云转晴,东北风,小于3级,8.5,9
2013-12-11,13,3,多云转晴,东北风,小于3级,8.0,10
2013-12-12,12,6,阴转小雨,东北风,小于3级,9.0,6
2013-12-13,14,7,阴转多云,东北风,小于3级,10.5,7
2013-12-14,15,6,多云转阵雨,东北风,小于3级,10.5,9
2013-12-15,11,7,小雨转中到大雨,东北风,小于3级,9.0,4
2013-12-16,8,4,中到大雨转小到中雨,东北风,小于3级,6.0,4
2013-12-17,7,3,中到大雨转小雨,东北风,小于3级,5.0,4
2013-12-18,7,1,小雨转多云,东北风,小于3级,4.0,6
2013-12-19,10,0,雾转晴,东北风,小于3级,5.0,10
2013-12-20,12,0,雾转晴,东北风,小于3级,6.0,12
2013-12-21,11,0,晴,东北风,小于3级,5.5,11
2013-12-22,10,0,晴,东北风,小于3级,5.0,10
2013-12-23,11,-1,晴,东北风,小于3级,5.0,12
2013-12-24,11,-1,晴,东北风,小于3级,5.0,12
2013-12-25,11,1,晴,东北风,小于3级,6.0,10
2013-12-26,11,1,晴转多云,东北风,小于3级,6.0,10
2013-12-27,6,-1,多云,东北风,小于3级,2.5,7
2013-12-28,9,-1,晴,东北风,小于3级,4.0,10
2013-12-29,9,-4,晴,东北风,小于3级,2.5,13
2013-12-30,12,-3,晴,东北风,小于3级,4.5,15
2013-12-31,14,0,晴,东北风,小于3级,7.0,14
2013-11-01,27,17,多云,东北风,小于3级,22.0,10
2013-11-02,26,18,多云转阴,东北风,小于3级,22.0,8
2013-11-03,24,19,阵雨,东北风,小于3级,21.5,5
2013-11-04,23,16,阴转多云,东北风,小于3级,19.5,7
2013-11-05,24,14,晴转多云,东北风,小于3级,19.0,10
2013-11-06,25,12,多云,东北风,小于3级,18.5,13
2013-11-07,26,12,晴,东北风,小于3级,19.0,14
2013-11-08,29,12,晴转多云,东北风,小于3级,20.5,17
2013-11-09,30,15,晴,东北风,小于3级,22.5,15
2013-11-10,26,18,多云转阴,东北风,小于3级,22.0,8
2013-11-11,20,12,小雨转小到中雨,东北风,小于3级,16.0,8
2013-11-12,12,9,小到中雨转中雨,东北风,小于3级,10.5,3
2013-11-13,13,10,小雨,东北风,小于3级,11.5,3
2013-11-14,16,10,阵雨转阴,东北风,小于3级,13.0,6
2013-11-15,18,11,阴转多云,东北风,小于3级,14.5,7
2013-11-16,21,9,晴,东北风,小于3级,15.0,12
2013-11-17,19,8,雾转晴,东北风,小于3级,13.5,11
2013-11-18,18,6,晴,东北风,小于3级,12.0,12
2013-11-19,18,6,晴,东北风,小于3级,12.0,12
2013-11-20,19,5,晴,东北风,小于3级,12.0,14
2013-11-21,22,6,晴,东北风,小于3级,14.0,16
2013-11-22,23,9,晴转多云,东北风,小于3级,16.0,14
2013-11-23,24,8,晴转多云,东北风,小于3级,16.0,16
2013-11-24,17,12,小雨转小到中雨,东北风,小于3级,14.5,5
2013-11-25,16,6,阴转晴,东北风,小于3级,11.0,10
2013-11-26,18,4,雾转晴,东北风,小于3级,11.0,14
2013-11-27,13,8,多云,东北风,小于3级,10.5,5
2013-11-28,12,3,雾转晴,东北风,小于3级,7.5,9
2013-11-29,14,0,晴,东北风,小于3级,7.0,14
2013-11-30,15,0,晴,东北风,小于3级,7.5,15
2013-10-01,31,18,多云,东北风,小于3级,24.5,13
2013-10-02,28,17,多云,东北风,小于3级,22.5,11
2013-10-03,28,16,多云,东北风,小于3级,22.0,12
2013-10-04,28,16,晴,东北风,小于3级,22.0,12
2013-10-05,28,15,晴,东北风,小于3级,21.5,13
2013-10-06,26,20,阵雨转中雨,东北风,小于3级,23.0,6
2013-10-07,23,19,中雨转大到暴雨,东北风,小于3级,21.0,4
2013-10-08,26,20,小雨,东北风,小于3级,23.0,6
2013-10-09,26,20,小雨,东北风,小于3级,23.0,6
2013-10-10,30,20,多云转晴,东北风,小于3级,25.0,10
2013-10-11,32,20,多云转晴,东北风,小于3级,26.0,12
2013-10-12,33,18,晴,东北风,小于3级,25.5,15
2013-10-13,32,18,晴,东北风,小于3级,25.0,14
2013-10-14,32,18,晴,东北风,小于3级,25.0,14
2013-10-15,24,14,多云~晴,东北风,小于3级,19.0,10
2013-10-16,21,13,多云,东北风,小于3级,17.0,8
2013-10-17,24,12,晴,东北风,小于3级,18.0,12
2013-10-18,24,15,多云,东北风,小于3级,19.5,9
2013-10-19,23,17,阴,东北风,小于3级,20.0,6
2013-10-20,22,16,阴转多云,东北风,小于3级,19.0,6
2013-10-21,25,16,多云,东北风,小于3级,20.5,9
2013-10-22,25,14,晴,东北风,小于3级,19.5,11
2013-10-23,25,13,晴,东北风,小于3级,19.0,12
2013-10-24,25,13,晴,东北风,小于3级,19.0,12
2013-10-25,23,11,多云转晴,东北风,小于3级,17.0,12
2013-10-26,23,9,晴,东北风,小于3级,16.0,14
2013-10-27,23,9,晴,东北风,小于3级,16.0,14
2013-10-28,25,9,晴,东北风,小于3级,17.0,16
2013-10-29,25,12,晴,东北风,小于3级,18.5,13
2013-10-30,27,15,多云,东北风,小于3级,21.0,12
2013-10-31,25,17,多云转阴,东北风,小于3级,21.0,8
2013-09-01,33,23,多云,东北风,小于3级,28.0,10
2013-09-02,31,22,晴转多云,东北风,小于3级,26.5,9
2013-09-03,31,21,晴,东北风,小于3级,26.0,10
2013-09-04,31,22,多云,东北风,小于3级,26.5,9
2013-09-05,27,21,多云转阵雨,东北风,小于3级,24.0,6
2013-09-06,25,21,阵雨,东北风,小于3级,23.0,4
2013-09-07,27,21,阴,东北风,小于3级,24.0,6
2013-09-08,30,21,阴,东北风,小于3级,25.5,9
2013-09-09,33,22,多云,东北风,小于3级,27.5,11
2013-09-10,34,22,晴转多云,东北风,小于3级,28.0,12
2013-09-11,36,25,多云,东北风,小于3级,30.5,11
2013-09-12,36,24,多云,东北风,小于3级,30.0,12
2013-09-13,34,24,多云转雷阵雨,东北风,小于3级,29.0,10
2013-09-14,34,23,阵雨转多云,东北风,小于3级,28.5,11
2013-09-15,35,23,晴,东北风,小于3级,29.0,12
2013-09-16,35,24,晴,东北风,小于3级,29.5,11
2013-09-17,33,21,晴,东北风,小于3级,27.0,12
2013-09-18,34,21,晴,东北风,小于3级,27.5,13
2013-09-19,33,21,晴,东北风,小于3级,27.0,12
2013-09-20,34,24,晴,东北风,小于3级,29.0,10
2013-09-21,34,24,晴转多云,东北风,小于3级,29.0,10
2013-09-22,31,25,阵雨,东北风,小于3级,28.0,6
2013-09-23,30,24,阵雨,东北风,小于3级,27.0,6
2013-09-24,33,22,多云转阵雨,东北风,小于3级,27.5,11
2013-09-25,25,19,小雨转阴,东北风,小于3级,22.0,6
2013-09-26,24,17,阵雨转阴,东北风,小于3级,20.5,7
2013-09-27,25,16,阴,东北风,小于3级,20.5,9
2013-09-28,24,19,阴转小雨,东北风,小于3级,21.5,5
2013-09-29,29,17,小雨转多云,东北风,小于3级,23.0,12
2013-09-30,30,18,多云转晴,东北风,小于3级,24.0,12
2013-08-01,38,28,晴,东北风,小于3级,33.0,10
2013-08-02,36,25,晴转多云,东北风,小于3级,30.5,11
2013-08-03,35,26,阵雨转多云,东北风,小于3级,30.5,9
2013-08-04,37,27,多云转晴,东北风,小于3级,32.0,10
2013-08-05,39,27,晴,东北风,小于3级,33.0,12
2013-08-06,39,28,晴,东北风,小于3级,33.5,11
2013-08-07,40,27,晴,东北风,小于3级,33.5,13
2013-08-08,40,28,晴,东北风,小于3级,34.0,12
2013-08-09,40,28,晴,东北风,小于3级,34.0,12
2013-08-10,39,27,晴,东北风,小于3级,33.0,12
2013-08-11,40,26,晴,东北风,小于3级,33.0,14
2013-08-12,39,26,晴,东北风,小于3级,32.5,13
2013-08-13,39,27,晴,东北风,小于3级,33.0,12
2013-08-14,38,27,晴转多云,东北风,小于3级,32.5,11
2013-08-15,37,27,雷阵雨转多云,东北风,小于3级,32.0,10
2013-08-16,35,26,多云,东北风,小于3级,30.5,9
2013-08-17,35,26,多云,东北风,小于3级,30.5,9
2013-08-18,38,26,晴,东北风,小于3级,32.0,12
2013-08-19,37,26,阵雨转多云,东北风,小于3级,31.5,11
2013-08-20,36,25,多云,东北风,小于3级,30.5,11
2013-08-21,36,25,多云转阵雨,东北风,小于3级,30.5,11
2013-08-22,29,25,阵雨转中到大雨,北风,3-4级,27.0,4
2013-08-23,33,26,阴转多云,东北风,小于3级,29.5,7
2013-08-24,37,27,多云,东北风,小于3级,32.0,10
2013-08-25,34,27,多云转阵雨,东北风,小于3级,30.5,7
2013-08-26,31,26,阵雨,东北风,小于3级,28.5,5
2013-08-27,36,27,多云,东北风,小于3级,31.5,9
2013-08-28,35,26,晴,东北风,小于3级,30.5,9
2013-08-29,36,25,多云转雷阵雨,东北风,小于3级,30.5,11
2013-08-30,32,25,雷阵雨转小到中雨,东北风,小于3级,28.5,7
2013-08-31,33,24,阵雨转多云,东北风,小于3级,28.5,9
2013-07-01,35,25,晴,东北风,小于3级,30.0,10
2013-07-02,37,25,晴,东北风,小于3级,31.0,12
2013-07-03,37,26,晴,东北风,小于3级,31.5,11
2013-07-04,37,26,晴,东北风,小于3级,31.5,11
2013-07-05,36,27,多云,东北风,小于3级,31.5,9
2013-07-06,35,27,多云,东北风,小于3级,31.0,8
2013-07-07,37,26,晴,东北风,小于3级,31.5,11
2013-07-08,36,27,晴,东北风,小于3级,31.5,9
2013-07-09,37,27,晴,东北风,小于3级,32.0,10
2013-07-10,37,27,晴,东北风,小于3级,32.0,10
2013-07-11,37,26,晴,东北风,小于3级,31.5,11
2013-07-12,37,26,晴转多云,东北风,小于3级,31.5,11
2013-07-13,34,27,多云转阵雨,东南风,小于3级~3-4级,30.5,7
2013-07-14,31,24,中雨转中到大雨,北风,3-4级,27.5,7
2013-07-15,29,24,中雨转小到中雨,东北风,小于3级,26.5,5
2013-07-16,33,25,阴转多云,东北风,小于3级,29.0,8
2013-07-17,35,25,多云,东北风,小于3级,30.0,10
2013-07-18,36,26,多云,东北风,小于3级,31.0,10
2013-07-19,37,26,晴,东北风,小于3级,31.5,11
2013-07-20,36,26,晴,东北风,小于3级,31.0,10
2013-07-21,36,26,多云,东北风,小于3级,31.0,10
2013-07-22,35,24,阵雨转多云,东北风,小于3级,29.5,11
2013-07-23,37,26,晴,东北风,小于3级,31.5,11
2013-07-24,37,26,晴,东北风,小于3级,31.5,11
2013-07-25,37,26,晴,东北风,小于3级,31.5,11
2013-07-26,38,27,晴,东北风,小于3级,32.5,11
2013-07-27,36,27,多云,东北风,小于3级,31.5,9
2013-07-28,37,27,晴,东北风,小于3级,32.0,10
2013-07-29,37,27,晴,东北风,小于3级,32.0,10
2013-07-30,38,27,晴,东北风,小于3级,32.5,11
2013-07-31,38,27,晴,东北风,小于3级,32.5,11
2013-06-01,27,23,雷阵雨转大到暴雨,东北风,小于3级,25.0,4
2013-06-02,26,21,中雨转阴,东北风,小于3级,23.5,5
2013-06-03,30,20,多云,东北风,小于3级,25.0,10
2013-06-04,30,21,多云,东北风,小于3级,25.5,9
2013-06-05,32,22,晴转多云,东北风,小于3级,27.0,10
2013-06-06,29,23,雷阵雨转小到中雨,东北风,小于3级,26.0,6
2013-06-07,26,22,中雨,东北风,小于3级,24.0,4
2013-06-08,29,22,阵雨转多云,东北风,小于3级,25.5,7
2013-06-09,31,20,多云,东北风,小于3级,25.5,11
2013-06-10,28,20,阵雨转小到中雨,东北风,小于3级,24.0,8
2013-06-11,26,20,小到中雨,东北风,小于3级,23.0,6
2013-06-12,27,19,阵雨转多云,东北风,小于3级,23.0,8
2013-06-13,27,18,多云,东北风,小于3级,22.5,9
2013-06-14,27,20,多云,东北风,小于3级,23.5,7
2013-06-15,30,22,多云,东北风,小于3级,26.0,8
2013-06-16,33,25,多云,东北风,小于3级,29.0,8
2013-06-17,35,25,晴,东北风,小于3级,30.0,10
2013-06-18,36,26,晴,东北风,小于3级,31.0,10
2013-06-19,36,26,晴,东北风,小于3级,31.0,10
2013-06-20,37,27,晴,东北风,小于3级,32.0,10
2013-06-21,36,27,多云,东北风,小于3级,31.5,9
2013-06-22,35,26,雷阵雨转多云,东北风,小于3级,30.5,9
2013-06-23,34,26,雷阵雨转多云,东北风,小于3级,30.0,8
2013-06-24,34,25,多云转雷阵雨,东北风,小于3级,29.5,9
2013-06-25,32,25,多云,东北风,小于3级,28.5,7
2013-06-26,31,26,阵雨转中雨,东北风,小于3级,28.5,5
2013-06-27,29,25,阵雨转中雨,东北风,小于3级,27.0,4
2013-06-28,28,24,大到暴雨转中到大雨,东北风,小于3级,26.0,4
2013-06-29,28,23,大雨转中雨,东北风,小于3级,25.5,5
2013-06-30,32,24,多云转晴,东北风,小于3级,28.0,8
2013-05-01,25,14,阴转晴,东北风,小于3级,19.5,11
2013-05-02,28,15,多云,东北风,小于3级,21.5,13
2013-05-03,24,18,阴,东北风,小于3级,21.0,6
2013-05-04,25,15,多云,东北风,小于3级,20.0,10
2013-05-05,26,17,多云转阵雨,东北风,小于3级,21.5,9
2013-05-06,24,17,阴转阵雨,东北风,小于3级,20.5,7
2013-05-07,23,19,小到中雨,东北风,小于3级,21.0,4
2013-05-08,26,19,小到中雨转中雨,东北风,小于3级,22.5,7
2013-05-09,23,19,大雨,东北风,小于3级,21.0,4
2013-05-10,28,18,阴转多云,东北风,小于3级,23.0,10
2013-05-11,28,17,晴,东北风,小于3级,22.5,11
2013-05-12,30,16,晴,东北风,小于3级,23.0,14
2013-05-13,33,19,晴,东北风,小于3级,26.0,14
2013-05-14,33,19,晴转多云,东北风,小于3级,26.0,14
2013-05-15,25,21,大到暴雨,东北风,小于3级,23.0,4
2013-05-16,25,19,中雨转阵雨,东北风,小于3级,22.0,6
2013-05-17,27,19,阴,东北风,小于3级,23.0,8
2013-05-18,25,19,中雨,东北风,小于3级,22.0,6
2013-05-19,25,20,阴,东北风,小于3级,22.5,5
2013-05-20,28,19,阴转多云,东北风,小于3级,23.5,9
2013-05-21,28,20,阵雨,东北风,小于3级,24.0,8
2013-05-22,33,21,多云转晴,东北风,小于3级,27.0,12
2013-05-23,35,22,晴,东北风,小于3级,28.5,13
2013-05-24,35,24,晴转多云,东北风,小于3级,29.5,11
2013-05-25,34,24,多云转雷阵雨,东北风,小于3级,29.0,10
2013-05-26,28,24,大雨,东北风,小于3级,26.0,4
2013-05-27,29,23,阴转多云,东北风,小于3级,26.0,6
2013-05-28,34,23,晴,东北风,小于3级,28.5,11
2013-05-29,33,23,小到中雨转中雨,东北风,小于3级,28.0,10
2013-05-30,28,23,阵雨,东北风,小于3级,25.5,5
2013-05-31,26,21,阴转阵雨,东北风,小于3级,23.5,5
2013-04-01,18,14,多云转阵雨,东北风,小于3级,16.0,4
2013-04-02,22,11,阵雨转阴,东北风,小于3级,16.5,11
2013-04-03,19,14,阵雨,东北风,小于3级,16.5,5
2013-04-04,22,12,小到中雨转阵雨,东北风,小于3级,17.0,10
2013-04-05,21,16,中到大雨转大到暴雨,东北风,小于3级,18.5,5
2013-04-06,16,8,阵雨转多云,东北风,小于3级,12.0,8
2013-04-07,20,6,雾转晴,东北风,小于3级,13.0,14
2013-04-08,21,9,晴转阴,东北风,小于3级,15.0,12
2013-04-09,21,11,多云转阵雨,东北风,小于3级,16.0,10
2013-04-10,22,11,小雨转多云,东北风,小于3级,16.5,11
2013-04-11,20,9,多云,东北风,小于3级,14.5,11
2013-04-12,24,10,多云,东北风,小于3级,17.0,14
2013-04-13,25,14,多云,东北风,小于3级,19.5,11
2013-04-14,28,12,晴,东北风,小于3级,20.0,16
2013-04-15,30,14,晴,东北风,小于3级,22.0,16
2013-04-16,26,15,多云转中到大雨,东北风,小于3级,20.5,11
2013-04-17,26,19,雷阵雨转中雨,东北风,小于3级,22.5,7
2013-04-18,23,18,中到大雨,东北风,小于3级,20.5,5
2013-04-19,19,14,阵雨,东北风,小于3级,16.5,5
2013-04-20,16,12,小雨,东北风,小于3级,14.0,4
2013-04-21,18,9,小雨转多云,东北风,小于3级,13.5,9
2013-04-22,23,17,阴,东北风,小于3级,20.0,6
2013-04-23,20,15,中到大雨,东北风,小于3级,17.5,5
2013-04-24,18,14,中雨转中到大雨,东北风,小于3级,16.0,4
2013-04-25,25,12,阴转多云,东北风,小于3级,18.5,13
2013-04-26,27,13,多云转晴,东北风,小于3级,20.0,14
2013-04-27,30,15,晴,东北风,小于3级,22.5,15
2013-04-28,28,16,多云转阵雨,东北风,小于3级,22.0,12
2013-04-29,26,19,中雨转暴雨,东北风,小于3级,22.5,7
2013-04-30,20,15,暴雨,东北风,小于3级,17.5,5
2013-03-01,18,5,小雨转中到大雨,东北风,小于3级,11.5,13
2013-03-02,9,4,阵雨转阴,东北风,小于3级,6.5,5
2013-03-03,16,2,雾转晴,东北风,小于3级,9.0,14
2013-03-04,19,4,晴,东北风,小于3级,11.5,15
2013-03-05,23,6,晴,东北风,小于3级,14.5,17
2013-03-06,26,6,晴,东北风,小于3级,16.0,20
2013-03-07,26,8,晴,东北风,小于3级,17.0,18
2013-03-08,28,12,晴,东北风,小于3级,20.0,16
2013-03-09,30,13,晴转雷阵雨,东北风,小于3级,21.5,17
2013-03-10,23,13,多云转雷阵雨,东北风,小于3级,18.0,10
2013-03-11,22,10,多云,东北风,小于3级,16.0,12
2013-03-12,25,9,多云转小到中雨,东北风,小于3级,17.0,16
2013-03-13,21,10,雷阵雨转中雨,东北风,小于3级,15.5,11
2013-03-14,15,6,多云,东北风,小于3级,10.5,9
2013-03-15,22,7,多云,东北风,小于3级,14.5,15
2013-03-16,22,12,阵雨转中到大雨,东北风,小于3级,17.0,10
2013-03-17,18,13,阵雨转中雨,东北风,小于3级,15.5,5
2013-03-18,20,13,中雨转阵雨,东北风,小于3级,16.5,7
2013-03-19,18,12,中雨转大雨,东北风,小于3级,15.0,6
2013-03-20,19,11,小雨转阴,东北风,小于3级,15.0,8
2013-03-21,19,11,阴转阵雨,东北风,小于3级,15.0,8
2013-03-22,19,11,阵雨转小到中雨,东北风,小于3级,15.0,8
2013-03-23,22,15,雷阵雨转大雨,东北风,小于3级,18.5,7
2013-03-24,18,12,阵雨转多云,东北风,小于3级,15.0,6
2013-03-25,19,9,阴转多云,东北风,小于3级,14.0,10
2013-03-26,14,10,中雨转中到大雨,东北风,小于3级,12.0,4
2013-03-27,19,8,阵雨转多云,东北风,小于3级,13.5,11
2013-03-28,18,9,雷阵雨转中雨,东北风,小于3级,13.5,9
2013-03-29,19,12,阵雨转阴,东北风,小于3级,15.5,7
2013-03-30,20,10,多云转阵雨,东北风,小于3级,15.0,10
2013-03-31,21,14,小雨转阴,东北风,小于3级,17.5,7
2013-02-01,20,12,阴转多云,东北风,小于3级,16.0,8
2013-02-02,23,14,多云,东北风,小于3级,18.5,9
2013-02-03,20,10,多云转阴,东北风,小于3级,15.0,10
2013-02-04,20,13,小雨转中雨,东北风,小于3级,16.5,7
2013-02-05,16,9,阴转多云,东北风,小于3级,12.5,7
2013-02-06,18,8,雾转多云,东北风,3-4级,13.0,10
2013-02-07,9,3,小雨转中雨,东北风,小于3级,6.0,6
2013-02-08,0,-2,雨夹雪转小雪,东北风,小于3级,-1.0,2
2013-02-09,2,-2,雨夹雪,东北风,小于3级,0.0,4
2013-02-10,6,0,阴,东北风,小于3级,3.0,6
2013-02-11,8,4,阴转小雨,东北风,小于3级,6.0,4
2013-02-12,7,5,小雨,东北风,小于3级,6.0,2
2013-02-13,12,3,阴转多云,东北风,小于3级,7.5,9
2013-02-14,11,6,小雨转中雨,东北风,小于3级,8.5,5
2013-02-15,9,6,阵雨转阴,东北风,小于3级,7.5,3
2013-02-16,13,7,多云转阴,东北风,小于3级,10.0,6
2013-02-17,17,11,多云转阵雨,东北风,小于3级,14.0,6
2013-02-18,15,2,小雨转小到中雨,东北风,小于3级,8.5,13
2013-02-19,10,3,小到中雨,北风,3-4级,6.5,7
2013-02-20,6,1,阴转小雨,东北风,小于3级,3.5,5
2013-02-21,9,4,小雨,东北风,小于3级,6.5,5
2013-02-22,11,6,阴转多云,东北风,小于3级,8.5,5
2013-02-23,17,5,晴转多云,东北风,小于3级,11.0,12
2013-02-24,18,5,雾转多云,东北风,小于3级,11.5,13
2013-02-25,16,11,阵雨转小雨,东北风,小于3级,13.5,5
2013-02-26,16,12,阵雨转中雨,东北风,小于3级,14.0,4
2013-02-27,18,13,小到中雨转小雨,东北风,小于3级,15.5,5
2013-02-28,22,12,多云,东北风,小于3级,17.0,10
2013-01-01,11,0,晴,东北风,小于3级,5.5,11
2013-01-02,8,0,多云转阴,东北风,小于3级,4.0,8
2013-01-03,6,2,阴,东北风,小于3级,4.0,4
2013-01-04,0,-2,中雪转小雪,东北风,小于3级,-1.0,2
2013-01-05,2,-1,阴转多云,东北风,小于3级,0.5,3
2013-01-06,4,0,阴转多云,东北风,小于3级,2.0,4
2013-01-07,5,1,阴,东北风,小于3级,3.0,4
2013-01-08,6,3,阴,东北风,小于3级,4.5,3
2013-01-09,5,2,阴,东北风,小于3级,3.5,3
2013-01-10,9,1,雾转晴,东北风,小于3级,5.0,8
2013-01-11,8,2,小雨转阴,东北风,小于3级,5.0,6
2013-01-12,8,3,小雨转小到中雨,东北风,小于3级,5.5,5
2013-01-13,10,3,阴转晴,东北风,小于3级,6.5,7
2013-01-14,13,5,多云,东北风,小于3级,9.0,8
2013-01-15,13,3,雾转多云,东北风,小于3级,8.0,10
2013-01-16,11,4,多云,东北风,小于3级,7.5,7
2013-01-17,10,4,雾转晴,东北风,小于3级,7.0,6
2013-01-18,11,1,晴,东北风,小于3级,6.0,10
2013-01-19,13,4,晴转多云,东北风,小于3级,8.5,9
2013-01-20,15,5,多云转阴,东北风,小于3级,10.0,10
2013-01-21,14,9,阵雨转小雨,东北风,小于3级,11.5,5
2013-01-22,10,5,阵雨,北风,3-4级,7.5,5
2013-01-23,11,4,阵雨转多云,东北风,小于3级,7.5,7
2013-01-24,10,4,晴转多云,东北风,小于3级,7.0,6
2013-01-25,13,2,雾转晴,东北风,小于3级,7.5,11
2013-01-26,14,3,晴转多云,东北风,小于3级,8.5,11
2013-01-27,16,2,雾转晴,东北风,小于3级,9.0,14
2013-01-28,18,3,晴转小雨,东北风,小于3级,10.5,15
2013-01-29,16,7,小雨转多云,东北风,小于3级,11.5,9
2013-01-30,19,8,多云,东北风,小于3级,13.5,11
2013-01-31,20,8,晴转多云,东北风,小于3级,14.0,12
2012-12-01,12,9,阵雨转中雨,东北风,小于3级,10.5,3
2012-12-02,13,6,阴转多云,东北风,小于3级,9.5,7
2012-12-03,14,7,多云转晴,东北风,小于3级,10.5,7
2012-12-04,12,6,雾转多云,东北风,小于3级,9.0,6
2012-12-05,14,7,多云,东北风,小于3级,10.5,7
2012-12-06,15,4,晴,东北风,小于3级,9.5,11
2012-12-07,15,4,晴,东北风,小于3级,9.5,11
2012-12-08,9,5,阴转小雨,东北风小于3级,东北风小于3级,7.0,4
2012-12-09,9,5,阴转小雨,东北风小于3级,东北风小于3级,7.0,4
2012-12-10,9,3,阴转多云,东北风,小于3级,6.0,6
2012-12-11,9,3,阴转多云,东北风,小于3级,6.0,6
2012-12-12,11,5,多云转阴,东北风,小于3级,8.0,6
2012-12-13,16,12,阴,东北风,小于3级,14.0,4
2012-12-14,21,11,多云转阵雨,东北风,小于3级,16.0,10
2012-12-15,13,7,中雨转小到中雨,东北风,小于3级,10.0,6
2012-12-16,11,8,阵雨转阴,东北风,小于3级,9.5,3
2012-12-17,11,5,阵雨转小雨,东北风,小于3级,8.0,6
2012-12-18,7,1,小雨转阴,东北风,小于3级,4.0,6
2012-12-19,10,1,阴转多云,东北风,小于3级,5.5,9
2012-12-20,6,3,小到中雨,东北风,小于3级,4.5,3
2012-12-21,7,4,小到中雨转小雨,东北风,小于3级,5.5,3
2012-12-22,5,3,阴,东北风,小于3级,4.0,2
2012-12-23,7,0,多云转晴,东北风,小于3级,3.5,7
2012-12-24,10,0,晴,东北风,小于3级,5.0,10
2012-12-25,12,1,晴转多云,东北风,小于3级,6.5,11
2012-12-26,9,5,小雨转小到中雨,东北风,小于3级,7.0,4
2012-12-27,5,3,大雨转中雨,东北风,小于3级,4.0,2
2012-12-28,11,4,小雨转多云,东北风,小于3级,7.5,7
2012-12-29,8,-2,小到中雨转中雪,东北风,小于3级,3.0,10
2012-12-30,3,-2,中雪转多云,北风,3-4级,0.5,5
2012-12-31,7,-2,晴,东北风,小于3级,2.5,9
2012-11-01,22,10,雾转晴,东北风,小于3级,16.0,12
2012-11-02,23,10,晴,东北风,小于3级,16.5,13
2012-11-03,23,10,晴转多云,东北风,小于3级,16.5,13
2012-11-04,19,11,阵雨转多云,东北风,小于3级,15.0,8
2012-11-05,21,9,晴,东北风,小于3级,15.0,12
2012-11-06,21,10,多云转晴,东北风,小于3级,15.5,11
2012-11-07,21,8,晴转多云,东北风,小于3级,14.5,13
2012-11-08,16,12,阵雨转小到中雨,东北风,小于3级,14.0,4
2012-11-09,15,12,小到中雨转中到大雨,东北风,小于3级,13.5,3
2012-11-10,16,12,中到大雨,东北风,小于3级,14.0,4
2012-11-11,17,10,阴转晴,东北风,小于3级,13.5,7
2012-11-12,18,7,雾转多云,东北风,小于3级,12.5,11
2012-11-13,18,7,多云转晴,东北风,小于3级,12.5,11
2012-11-14,21,8,雾转多云,东北风,小于3级,14.5,13
2012-11-15,18,10,晴转阴,东北风,小于3级,14.0,8
2012-11-16,13,11,中到大雨,东北风,小于3级,12.0,2
2012-11-17,17,6,多云转晴,东北风,小于3级,11.5,11
2012-11-18,19,7,晴,东北风,小于3级,13.0,12
2012-11-19,19,7,雾转晴,东北风,小于3级,13.0,12
2012-11-20,17,13,阵雨转中雨,东北风,小于3级,15.0,4
2012-11-21,15,12,阵雨转中到大雨,东北风,小于3级,13.5,3
2012-11-22,16,11,中雨,东北风,小于3级,13.5,5
2012-11-23,13,8,小雨转阴,东北风,小于3级,10.5,5
2012-11-24,16,8,阴转多云,东北风,小于3级,12.0,8
2012-11-25,14,10,阵雨转中到大雨,东北风,小于3级,12.0,4
2012-11-26,12,8,中到大雨转小雨,东北风,小于3级,10.0,4
2012-11-27,15,6,雾转多云,东北风,小于3级,10.5,9
2012-11-28,12,8,小雨,东北风,小于3级,10.0,4
2012-11-29,14,7,小雨转阴,东北风,小于3级,10.5,7
2012-11-30,13,10,阴转小雨,东北风,小于3级,11.5,3
2012-10-01,28,13,晴,东北风,小于3级,20.5,15
2012-10-02,29,14,晴,东北风,小于3级,21.5,15
2012-10-03,29,14,晴,东北风,小于3级,21.5,15
2012-10-04,28,15,多云,东北风,小于3级,21.5,13
2012-10-05,27,18,多云,东北风,小于3级,22.5,9
2012-10-06,27,19,多云,东北风,小于3级,23.0,8
2012-10-07,27,17,多云,东北风,小于3级,22.0,10
2012-10-08,27,19,多云,东北风,小于3级,23.0,8
2012-10-09,29,19,多云转晴,东北风,小于3级,24.0,10
2012-10-10,29,16,晴,东北风,小于3级,22.5,13
2012-10-11,27,14,晴,东北风,小于3级,20.5,13
2012-10-12,27,15,晴,东北风,小于3级,21.0,12
2012-10-13,27,15,晴,东北风,小于3级,21.0,12
2012-10-14,26,18,多云转阴,东北风,小于3级,22.0,8
2012-10-15,29,18,阴转多云,东北风,小于3级,23.5,11
2012-10-16,28,19,多云,东北风,小于3级,23.5,9
2012-10-17,23,16,阵雨转多云,东北风,小于3级,19.5,7
2012-10-18,25,11,晴,东北风,小于3级,18.0,14
2012-10-19,27,11,晴,东北风,小于3级,19.0,16
2012-10-20,30,16,多云,东北风,小于3级,23.0,14
2012-10-21,30,17,晴转多云,东北风,小于3级,23.5,13
2012-10-22,24,17,小雨转阵雨,东北风,小于3级,20.5,7
2012-10-23,24,15,小雨转多云,东北风,小于3级,19.5,9
2012-10-24,26,13,多云,东北风,小于3级,19.5,13
2012-10-25,26,16,多云,东北风,小于3级,21.0,10
2012-10-26,29,18,晴,东北风,小于3级,23.5,11
2012-10-27,30,18,晴,东北风,小于3级,24.0,12
2012-10-28,28,18,晴转多云,东北风,小于3级,23.0,10
2012-10-29,21,19,阵雨转小到中雨,东北风,小于3级,20.0,2
2012-10-30,18,15,中雨转小雨,东北风,小于3级,16.5,3
2012-10-31,18,10,阴转多云,东北风,小于3级,14.0,8
2012-09-01,36,26,晴,东北风,小于3级,31.0,10
2012-09-02,34,26,晴转多云,东北风,小于3级,30.0,8
2012-09-03,29,23,雷阵雨转中到大雨,东北风,小于3级,26.0,6
2012-09-04,27,22,阵雨,东北风,小于3级,24.5,5
2012-09-05,30,19,阴转多云,东北风,小于3级,24.5,11
2012-09-06,30,20,阴转多云,东北风,小于3级,25.0,10
2012-09-07,30,23,多云,东北风,小于3级,26.5,7
2012-09-08,34,24,多云,东北风,小于3级,29.0,10
2012-09-09,29,24,雷阵雨转阵雨,东北风,小于3级,26.5,5
2012-09-10,33,24,阵雨转雷阵雨,东北风,小于3级,28.5,9
2012-09-11,34,24,多云,东北风,小于3级,29.0,10
2012-09-12,32,25,多云,东北风,小于3级,28.5,7
2012-09-13,23,19,中雨转阴,东北风,小于3级,21.0,4
2012-09-14,24,17,阵雨转多云,东北风,小于3级,20.5,7
2012-09-15,27,17,阴转多云,东北风,小于3级,22.0,10
2012-09-16,28,16,晴,东北风,小于3级,22.0,12
2012-09-17,28,16,晴,东北风,小于3级,22.0,12
2012-09-18,28,18,多云,东北风,小于3级,23.0,10
2012-09-19,29,17,晴,东北风,小于3级,23.0,12
2012-09-20,30,18,晴,东北风,小于3级,24.0,12
2012-09-21,27,19,多云转阴,东北风,小于3级,23.0,8
2012-09-22,23,20,中到大雨,东北风,小于3级,21.5,3
2012-09-23,27,20,阴转多云,东北风,小于3级,23.5,7
2012-09-24,27,21,阴,东北风,小于3级,24.0,6
2012-09-25,29,19,多云,东北风,小于3级,24.0,10
2012-09-26,29,18,多云,东北风,小于3级,23.5,11
2012-09-27,30,20,晴转多云,东北风,小于3级,25.0,10
2012-09-28,28,19,晴转多云,东北风,小于3级,23.5,9
2012-09-29,25,17,晴,东北风,3-4级,21.0,8
2012-09-30,26,16,晴,东北风,小于3级,21.0,10
2012-08-01,36,26,晴,东北风,小于3级,31.0,10
2012-08-02,34,25,多云转阵雨,东北风,小于3级,29.5,9
2012-08-03,28,24,阵雨转大到暴雨,东北风,小于3级,26.0,4
2012-08-04,32,26,雷阵雨转阵雨,东北风,小于3级,29.0,6
2012-08-05,34,26,多云,东北风,小于3级,30.0,8
2012-08-06,36,25,晴,东北风,小于3级,30.5,11
2012-08-07,34,26,晴转多云,东北风,小于3级,30.0,8
2012-08-08,29,25,中雨转中到大雨,东北风,3-4级,27.0,4
2012-08-09,28,24,中到大雨转中雨,东北风,小于3级,26.0,4
2012-08-10,28,24,中到大雨,东北风,小于3级,26.0,4
2012-08-11,28,24,中到大雨,东北风,小于3级,26.0,4
2012-08-12,32,25,阵雨,东北风,小于3级,28.5,7
2012-08-13,35,25,多云,东北风,小于3级,30.0,10
2012-08-14,37,27,晴,东北风,小于3级,32.0,10
2012-08-15,38,26,晴,东北风,小于3级,32.0,12
2012-08-16,38,27,晴,东北风,小于3级,32.5,11
2012-08-17,36,26,晴,东北风,小于3级,31.0,10
2012-08-18,36,27,晴,东北风,小于3级,31.5,9
2012-08-19,36,25,雷阵雨转多云,东北风,小于3级,30.5,11
2012-08-20,36,25,多云,东北风,小于3级,30.5,11
2012-08-21,35,24,雷阵雨,东北风,小于3级,29.5,11
2012-08-22,29,24,阵雨转阴,东北风,小于3级,26.5,5
2012-08-23,33,24,多云,东北风,小于3级,28.5,9
2012-08-24,33,24,多云,东北风,小于3级,28.5,9
2012-08-25,31,23,多云,东北风,小于3级,27.0,8
2012-08-26,33,24,多云,东北风,小于3级,28.5,9
2012-08-27,34,24,晴,东北风,小于3级,29.0,10
2012-08-28,34,24,晴转多云,东北风,小于3级,29.0,10
2012-08-29,34,24,多云,东北风,小于3级,29.0,10
2012-08-30,34,23,多云,东北风,小于3级,28.5,11
2012-08-31,35,25,晴,东北风,小于3级,30.0,10
2012-07-01,38,27,晴,东北风,小于3级,32.5,11
2012-07-02,37,26,晴,东北风,小于3级,31.5,11
2012-07-03,37,26,晴,东北风,小于3级,31.5,11
2012-07-04,38,27,晴,东北风,小于3级,32.5,11
2012-07-05,38,27,晴,东北风,小于3级,32.5,11
2012-07-06,38,27,晴,东北风,小于3级,32.5,11
2012-07-07,37,27,晴,东北风,小于3级,32.0,10
2012-07-08,37,27,晴,东北风,小于3级,32.0,10
2012-07-09,37,27,晴,东北风,小于3级,32.0,10
2012-07-10,37,28,多云,东北风,小于3级,32.5,9
2012-07-11,37,27,晴,东北风,小于3级,32.0,10
2012-07-12,36,28,晴转多云,东北风,小于3级,32.0,8
2012-07-13,35,28,多云,东北风,小于3级,31.5,7
2012-07-14,35,24,中雨转大雨,东北风,小于3级,29.5,11
2012-07-15,31,25,中到大雨,东北风,小于3级,28.0,6
2012-07-16,27,24,中到大雨,东北风,小于3级,25.5,3
2012-07-17,27,24,大雨,东北风,小于3级,25.5,3
2012-07-18,28,24,中雨,东北风,小于3级,26.0,4
2012-07-19,32,24,雷阵雨转多云,东北风,小于3级,28.0,8
2012-07-20,36,26,晴转多云,东北风,小于3级,31.0,10
2012-07-21,37,26,多云,东北风,小于3级,31.5,11
2012-07-22,36,26,晴,东北风,小于3级,31.0,10
2012-07-23,36,27,多云转晴,东北风,小于3级,31.5,9
2012-07-24,36,27,多云,东北风,小于3级,31.5,9
2012-07-25,36,27,多云,东北风,小于3级,31.5,9
2012-07-26,33,25,雷阵雨转多云,东北风,小于3级,29.0,8
2012-07-27,36,26,多云,东北风,小于3级,31.0,10
2012-07-28,36,26,晴,东北风,小于3级,31.0,10
2012-07-29,37,26,晴,西南风,小于3级,31.5,11
2012-07-30,37,27,晴转多云,东北风,小于3级,32.0,10
2012-07-31,37,26,晴,东北风,小于3级,31.5,11
2012-06-01,24,20,阵雨,东北风,小于3级,22.0,4
2012-06-02,26,19,阴转多云,东北风,小于3级,22.5,7
2012-06-03,26,20,阴,东北风,小于3级,23.0,6
2012-06-04,25,20,阵雨,东北风,小于3级,22.5,5
2012-06-05,26,22,阵雨转阴,东北风,小于3级,24.0,4
2012-06-06,26,23,阵雨转小到中雨,东北风,小于3级,24.5,3
2012-06-07,26,22,中到大雨转中雨,东北风,小于3级,24.0,4
2012-06-08,28,22,雷阵雨转阵雨,东北风,小于3级,25.0,6
2012-06-09,30,24,雷阵雨转小雨,东北风,小于3级,27.0,6
2012-06-10,28,24,中到大雨转大到暴雨,东北风,小于3级,26.0,4
2012-06-11,25,20,中到大雨转阵雨,东北风,小于3级,22.5,5
2012-06-12,32,20,晴,东北风,小于3级,26.0,12
2012-06-13,34,22,晴,东北风,小于3级,28.0,12
2012-06-14,34,23,晴,东北风,小于3级,28.5,11
2012-06-15,34,24,多云,东北风,小于3级,29.0,10
2012-06-16,33,24,多云,东北风,小于3级,28.5,9
2012-06-17,26,21,小到中雨转中雨,东北风,小于3级,23.5,5
2012-06-18,26,22,中雨转阵雨,东北风,小于3级,24.0,4
2012-06-19,28,23,阵雨,东北风,小于3级,25.5,5
2012-06-20,32,20,多云,东北风,小于3级,26.0,12
2012-06-21,33,22,晴转多云,东北风,小于3级,27.5,11
2012-06-22,27,24,中雨转中到大雨,东北风,小于3级,25.5,3
2012-06-23,25,22,大到暴雨,东北风,小于3级,23.5,3
2012-06-24,25,22,中到大雨,东北风,小于3级,23.5,3
2012-06-25,27,23,中雨转阵雨,东北风,小于3级,25.0,4
2012-06-26,29,23,中雨,东北风,小于3级,26.0,6
2012-06-27,31,24,阵雨,东北风,小于3级,27.5,7
2012-06-28,33,25,多云,东北风,小于3级,29.0,8
2012-06-29,36,26,多云,东北风,小于3级,31.0,10
2012-06-30,37,27,多云,东北风,小于3级,32.0,10
2012-05-01,27,19,大到暴雨转中到大雨,东北风,小于3级,23.0,8
2012-05-02,28,18,阴转阵雨,东北风,小于3级,23.0,10
2012-05-03,26,20,小到中雨转小雨,东北风,小于3级,23.0,6
2012-05-04,24,19,阵雨,东北风,小于3级,21.5,5
2012-05-05,29,16,阴转多云,东北风,小于3级,22.5,13
2012-05-06,32,17,晴转多云,东北风,小于3级,24.5,15
2012-05-07,30,18,晴转多云,东北风,小于3级,24.0,12
2012-05-08,26,21,雷阵雨转暴雨,东北风,小于3级,23.5,5
2012-05-09,28,20,小到中雨转阵雨,东北风,小于3级,24.0,8
2012-05-10,28,20,小到中雨转阴,东北风,小于3级,24.0,8
2012-05-11,30,19,多云,东北风,小于3级,24.5,11
2012-05-12,28,21,多云转阵雨,东北风,小于3级,24.5,7
2012-05-13,23,20,暴雨,东北风,小于3级,21.5,3
2012-05-14,28,19,阴转阵雨,东北风,小于3级,23.5,9
2012-05-15,25,20,中雨转阵雨,东北风,小于3级,22.5,5
2012-05-16,27,17,阴转多云,东北风,小于3级,22.0,10
2012-05-17,32,18,多云转晴,东北风,小于3级,25.0,14
2012-05-18,32,20,多云转雷阵雨,东北风,小于3级,26.0,12
2012-05-19,23,20,中雨转阵雨,东北风,小于3级,21.5,3
2012-05-20,27,16,多云,东北风,小于3级,21.5,11
2012-05-21,28,17,晴,东北风,小于3级,22.5,11
2012-05-22,29,19,多云转阴,东北风,小于3级,24.0,10
2012-05-23,23,19,阵雨,东北风,小于3级,21.0,4
2012-05-24,22,19,小雨转中雨,东北风,小于3级,20.5,3
2012-05-25,23,18,小雨,东北风,小于3级,20.5,5
2012-05-26,22,18,阵雨,东北风,小于3级,20.0,4
2012-05-27,28,18,阴转多云,东北风,小于3级,23.0,10
2012-05-28,25,19,阵雨转多云,东北风,小于3级,22.0,6
2012-05-29,29,21,多云转小到中雨,东北风,小于3级,25.0,8
2012-05-30,26,17,小到中雨转阴,东北风,小于3级,21.5,9
2012-05-31,28,19,多云,东北风,小于3级,23.5,9
2012-04-01,19,19,中到大雨转阵雨,东北风,小于3级,19.0,0
2012-04-02,20,18,中到大雨转阵雨,东北风,小于3级,19.0,2
2012-04-03,20,18,中到大雨转阵雨,东北风,小于3级,19.0,2
2012-04-04,19,19,中到大雨转阵雨,东北风,小于3级,19.0,0
2012-04-05,19,19,中到大雨转阵雨,东北风,小于3级,19.0,0
2012-04-06,19,19,中到大雨转阵雨,东北风,小于3级,19.0,0
2012-04-07,22,16,中到大雨转阵雨,东北风,小于3级,19.0,6
2012-04-08,21,17,中到大雨转阵雨,东北风,小于3级,19.0,4
2012-04-09,22,16,中到大雨转阵雨,东北风,小于3级,19.0,6
2012-04-10,22,16,中到大雨转阵雨,东北风,小于3级,19.0,6
2012-04-11,19,19,中到大雨转阵雨,东北风,小于3级,19.0,0
2012-04-12,21,17,中到大雨转阵雨,东北风,小于3级,19.0,4
2012-04-13,21,13,阵雨转阴,东北风,小于3级,17.0,8
2012-04-14,21,15,阵雨,东北风,小于3级,18.0,6
2012-04-15,25,15,中到大雨转小到中雨,东北风,小于3级,20.0,10
2012-04-16,24,15,阵雨转多云,东北风,小于3级,19.5,9
2012-04-17,19,15,多云转阵雨,东北风,小于3级,17.0,4
2012-04-18,26,15,阵雨转中到大雨,东北风,小于3级,20.5,11
2012-04-19,22,17,阵雨转多云,东北风,小于3级,19.5,5
2012-04-20,28,20,阴转中到大雨,东北风,小于3级,24.0,8
2012-04-21,24,13,中雨转多云,东北风,小于3级,18.5,11
2012-04-22,31,15,雾转晴,东北风,小于3级,23.0,16
2012-04-23,30,20,晴转多云,东北风,小于3级,25.0,10
2012-04-24,22,18,晴转多云,东北风,小于3级,20.0,4
2012-04-25,27,15,大到暴雨转阵雨,东北风,小于3级,21.0,12
2012-04-26,29,14,阵雨转多云,东北风,小于3级,21.5,15
2012-04-27,26,18,多云转阵雨,东北风,小于3级,22.0,8
2012-04-28,25,18,雷阵雨转中到大雨,东北风,小于3级,21.5,7
2012-04-29,25,20,暴雨转中到大雨,东北风,小于3级,22.5,5
2012-04-30,25,20,中到大雨,东北风,小于3级,22.5,5
2012-03-01,12,7,阴~阵雨,东北风,微风,9.5,5
2012-03-02,9,6,中雨,东北风,微风,7.5,3
2012-03-03,9,6,中到大雨,东北风,微风,7.5,3
2012-03-04,8,5,中到大雨,东北风,微风,6.5,3
2012-03-05,9,7,中到大雨~小到中雨,东北风,微风,8.0,2
2012-03-06,12,7,阵雨~小到中雨,东北风,微风,9.5,5
2012-03-07,9,6,阵雨~小到中雨,东北风,微风,7.5,3
2012-03-08,6,4,小到中雨~小雨,东北风,微风,5.0,2
2012-03-09,6,4,小雨,东北风,微风,5.0,2
2012-03-10,8,4,阵雨~阴,东北风,微风,6.0,4
2012-03-11,12,4,多云,东北风,微风,8.0,8
2012-03-12,16,6,多云,东北风,微风,11.0,10
2012-03-13,15,7,晴~多云,东北风,微风,11.0,8
2012-03-14,18,9,多云~阵雨,东北风,微风,13.5,9
2012-03-15,16,11,阵雨,东北风,微风,13.5,5
2012-03-16,20,13,多云~阵雨,东北风,微风,16.5,7
2012-03-17,27,14,多云~中雨,东北风,微风,20.5,13
2012-03-18,23,14,阴~阵雨,东北风,微风,18.5,9
2012-03-19,13,9,中到大雨~小到中雨,东北风,微风,11.0,4
2012-03-20,15,9,阴,东北风,微风,12.0,6
2012-03-21,18,11,多云,东北风,微风,14.5,7
2012-03-22,25,12,多云~大雨,东北风,微风,18.5,13
2012-03-23,9,4,小雨~多云,东北风,微风,6.5,5
2012-03-24,20,8,晴,东北风,微风,14.0,12
2012-03-25,22,6,晴,东北风,微风,14.0,16
2012-03-26,25,10,晴,东北风,微风,17.5,15
2012-03-27,27,12,晴,东北风,微风,19.5,15
2012-03-28,30,14,晴,东北风,微风,22.0,16
2012-03-29,20,14,阵雨~小到中雨,东北风,微风,17.0,6
2012-03-30,19,11,中雨~阵雨,东北风,微风,15.0,8
2012-03-31,24,7,晴,东北风,微风,15.5,17
2012-02-01,11,1,多云,东北风,微风,6.0,10
2012-02-02,7,3,阵雨~阴,东北风,微风,5.0,4
2012-02-03,8,0,多云,东北风,微风,4.0,8
2012-02-04,8,3,阴~小雨,东北风,微风,5.5,5
2012-02-05,11,8,阴~小雨,东北风,微风,9.5,3
2012-02-06,10,5,中到大雨~小雨,东北风,微风,7.5,5
2012-02-07,6,-1,阴~多云,东北风,微风,2.5,7
2012-02-08,6,0,多云~阴,东北风,微风,3.0,6
2012-02-09,5,1,阴~小雨,东北风,微风,3.0,4
2012-02-10,3,2,小雨,东北风,微风,2.5,1
2012-02-11,7,4,阴,东北风,微风,5.5,3
2012-02-12,10,3,阴,东北风,微风,6.5,7
2012-02-13,14,8,阴~阵雨,东北风,微风,11.0,6
2012-02-14,13,6,阵雨~小雨,东北风,微风,9.5,7
2012-02-15,8,4,小雨,东北风,微风,6.0,4
2012-02-16,5,2,小雨~阴,东北风,微风,3.5,3
2012-02-17,7,2,阴~多云,东北风,微风,4.5,5
2012-02-18,13,6,阵雨~小雨,东北风,微风,9.5,7
2012-02-19,13,6,阵雨~小雨,东北风,微风,9.5,7
2012-02-20,14,6,阴,东北风,微风,10.0,8
2012-02-21,13,8,阵雨,东北风,微风,10.5,5
2012-02-22,20,12,中雨~小到中雨,东北风,微风,16.0,8
2012-02-23,15,9,中雨~小雨,东北风,微风,12.0,6
2012-02-24,8,5,小雨,东北风,微风,6.5,3
2012-02-25,7,3,阵雨,东北风,微风,5.0,4
2012-02-26,7,1,阴~小雨,东北风,微风,4.0,6
2012-02-27,9,3,阴~小雨,东北风,微风,6.0,6
2012-02-28,9,3,阴~阵雨,东北风,微风,6.0,6
2012-02-29,8,5,小雨,东北风,微风,6.5,3
2012-01-01,13,2,晴,东北风,微风,7.5,11
2012-01-02,12,4,晴~小雨,东北风,微风,8.0,8
2012-01-03,6,2,小雨,东北风,微风,4.0,4
2012-01-04,9,0,阴,东北风,微风,4.5,9
2012-01-05,4,1,小雪~阴,东北风,微风,2.5,3
2012-01-06,7,1,阴,东北风,微风,4.0,6
2012-01-07,8,4,小雨~阴,东北风,微风,6.0,4
2012-01-08,7,4,小雨~阴,东北风,微风,5.5,3
2012-01-09,8,5,阴,东北风,微风,6.5,3
2012-01-10,10,6,阴,东北风,微风,8.0,4
2012-01-11,10,6,阴,东北风,微风,8.0,4
2012-01-12,11,6,阴~小雨,东北风,微风,8.5,5
2012-01-13,9,6,阴~小雨,东北风,微风,7.5,3
2012-01-14,10,7,小雨~小到中雨,东北风,微风,8.5,3
2012-01-16,8,4,阴~多云,东北风,微风,6.0,4
2012-01-17,11,6,阴~阵雨,东北风,微风,8.5,5
2012-01-18,10,6,小雨~小到中雨,东北风,微风,8.0,4
2012-01-19,8,6,小雨,东北风,微风,7.0,2
2012-01-20,8,4,小雨,东北风,微风,6.0,4
2012-01-21,5,1,小雨~小到中雪,东北风,微风,3.0,4
2012-01-22,4,-1,小雪~阴,东北风,微风,1.5,5
2012-01-23,5,0,阴,东北风,微风,2.5,5
2012-01-24,2,-1,小雪~阴,东北风,微风,0.5,3
2012-01-25,8,-2,多云,东北风,微风,3.0,10
2012-01-26,8,3,多云~阴,东北风,微风,5.5,5
2012-01-27,5,3,小雨,东北风,微风,4.0,2
2012-01-28,7,4,阵雨,东北风,微风,5.5,3
2012-01-29,6,3,小雨~阴,东北风,微风,4.5,3
2012-01-30,8,3,阴,东北风,微风,5.5,5
2012-01-31,11,1,多云~晴,东北风,微风,6.0,10
2011-12-01,9,3,小雨~阴,东北风,微风,6.0,6
2011-12-02,11,3,多云~晴,东北风,微风,7.0,8
2011-12-03,14,2,晴,东北风,微风,8.0,12
2011-12-04,17,5,晴,东北风,微风,11.0,12
2011-12-05,17,7,多云,东北风,微风,12.0,10
2011-12-06,20,10,多云~阴,东北风,微风,15.0,10
2011-12-07,14,6,小雨,东北风,微风,10.0,8
2011-12-08,10,5,小雨~阴,东北风,微风,7.5,5
2011-12-09,9,0,多云~晴,东北风,微风,4.5,9
2011-12-10,10,1,多云,东北风,微风,5.5,9
2011-12-11,10,1,晴,东北风,微风,5.5,9
2011-12-12,13,1,晴,东北风,微风,7.0,12
2011-12-13,13,6,晴,东北风,微风,9.5,7
2011-12-14,13,5,阴,东北风,微风,9.0,8
2011-12-15,9,5,小雨~阴,东北风,微风,7.0,4
2011-12-16,9,1,阴~多云,东北风,微风,5.0,8
2011-12-17,11,1,晴~多云,东北风,微风,6.0,10
2011-12-18,11,1,多云,东北风,微风,6.0,10
2011-12-19,13,4,晴~多云,东北风,微风,8.5,9
2011-12-20,13,6,多云,东北风,微风,9.5,7
2011-12-21,13,5,阴,东北风,微风,9.0,8
2011-12-22,8,3,阵雨~阴,东北风,微风,5.5,5
2011-12-23,11,1,晴,东北风,微风,6.0,10
2011-12-24,11,0,晴,东北风,微风,5.5,11
2011-12-25,13,-1,晴,东北风,微风,6.0,14
2011-12-26,12,4,多云,东北风,微风,8.0,8
2011-12-27,12,7,阴,东北风,微风,9.5,5
2011-12-28,15,7,阴,东北风,微风,11.0,8
2011-12-29,13,7,小雨,东北风,微风,10.0,6
2011-12-30,11,6,阴,东北风,微风,8.5,5
2011-12-31,11,5,阴,东北风,微风,8.0,6
2011-11-01,27,14,晴~多云,东北风,微风,20.5,13
2011-11-02,26,17,多云~阴,东北风,微风,21.5,9
2011-11-03,25,17,多云~阴,东北风,微风,21.0,8
2011-11-04,25,20,阵雨,东北风,微风,22.5,5
2011-11-05,27,19,阵雨,东北风,微风,23.0,8
2011-11-06,26,19,多云~阴,东北风,微风,22.5,7
2011-11-07,26,16,多云~阵雨,东北风,微风,21.0,10
2011-11-08,21,16,阵雨~小到中雨,东北风,微风,18.5,5
2011-11-09,15,10,小到中雨~小雨,东北风,微风,12.5,5
2011-11-10,14,9,阴,东北风,微风,11.5,5
2011-11-11,20,9,雾~晴,东北风,微风,14.5,11
2011-11-12,21,10,晴,东北风,微风,15.5,11
2011-11-13,23,10,晴,东北风,微风,16.5,13
2011-11-14,23,13,晴,东北风,微风,18.0,10
2011-11-15,24,14,晴~多云,东北风,微风,19.0,10
2011-11-16,24,14,晴,东北风,微风,19.0,10
2011-11-17,26,17,多云,东北风,微风,21.5,9
2011-11-18,23,14,小雨,东北风,微风,18.5,9
2011-11-19,22,12,阵雨~阴,东北风,微风,17.0,10
2011-11-20,22,11,晴,东北风,微风,16.5,11
2011-11-21,20,9,晴,东北风,微风,14.5,11
2011-11-22,20,9,晴,东北风,微风,14.5,11
2011-11-23,21,6,晴,东北风,微风,13.5,15
2011-11-24,21,9,晴,东北风,微风,15.0,12
2011-11-25,22,8,晴,东北风,微风,15.0,14
2011-11-26,22,10,晴~多云,东北风,微风,16.0,12
2011-11-27,24,12,多云,东北风,微风,18.0,12
2011-11-28,25,13,晴,东北风,微风,19.0,12
2011-11-29,29,13,晴~阴,东北风,微风,21.0,16
2011-11-30,18,5,阵雨~小到中雨,东北风,微风,11.5,13
2011-10-01,22,17,阴~阵雨,东北风,微风,19.5,5
2011-10-02,21,17,阴~阵雨,东北风,微风,19.0,4
2011-10-03,20,16,阵雨,东北风,微风,18.0,4
2011-10-04,22,16,阴~阵雨,东北风,微风,19.0,6
2011-10-05,22,16,阵雨~阴,东北风,微风,19.0,6
2011-10-06,22,17,阵雨~阴,东北风,微风,19.5,5
2011-10-07,28,16,多云,东北风,微风,22.0,12
2011-10-08,30,18,多云~晴,东北风,微风,24.0,12
2011-10-09,31,17,晴,东北风,微风,24.0,14
2011-10-10,30,19,多云,东北风,微风,24.5,11
2011-10-11,30,22,多云,东北风,微风,26.0,8
2011-10-12,30,22,多云~阵雨,东北风,微风,26.0,8
2011-10-13,26,21,阵雨,东北风,微风,23.5,5
2011-10-14,25,16,多云,东北风,微风,20.5,9
2011-10-15,26,15,晴,东北风,微风,20.5,11
2011-10-16,27,14,晴~多云,东北风,微风,20.5,13
2011-10-17,27,15,多云~晴,东北风,微风,21.0,12
2011-10-18,28,14,晴,东北风,微风,21.0,14
2011-10-19,26,13,多云~阴,东北风,微风,19.5,13
2011-10-20,23,15,阴,东北风,微风,19.0,8
2011-10-21,27,15,多云~晴,东北风,微风,21.0,12
2011-10-22,27,15,晴~多云,东北风,微风,21.0,12
2011-10-23,28,17,多云~阴,东北风,微风,22.5,11
2011-10-24,23,14,阴~小到中雨,东北风,微风,18.5,9
2011-10-25,18,14,阵雨~阴,东北风,微风,16.0,4
2011-10-26,19,13,阴,东北风,微风,16.0,6
2011-10-27,20,14,阴,东北风,微风,17.0,6
2011-10-28,22,15,阴,东北风,微风,18.5,7
2011-10-29,21,15,阵雨~阴,东北风,微风,18.0,6
2011-10-30,23,15,多云,东北风,微风,19.0,8
2011-10-31,24,15,多云,东北风,微风,19.5,9
2011-09-01,34,24,多云,东北风,微风,29.0,10
2011-09-03,35,24,晴,东北风,微风,29.5,11
2011-09-04,35,25,晴,东北风,微风,30.0,10
2011-09-05,35,24,晴,东北风,微风,29.5,11
2011-09-06,33,23,多云,东北风,微风,28.0,10
2011-09-07,33,24,多云,东北风,微风,28.5,9
2011-09-08,33,23,雷阵雨,东北风,微风,28.0,10
2011-09-09,31,24,阵雨,东北风,微风,27.5,7
2011-09-10,28,21,阴,东北风,微风,24.5,7
2011-09-11,30,23,阴~多云,东北风,微风,26.5,7
2011-09-12,34,24,多云~晴,东北风,微风,29.0,10
2011-09-13,36,24,晴,东北风,微风,30.0,12
2011-09-14,36,24,晴,东北风,微风,30.0,12
2011-09-15,36,25,晴,东北风,微风,30.5,11
2011-09-16,36,24,晴,东北风,微风,30.0,12
2011-09-17,36,24,晴,东北风,微风,30.0,12
2011-09-18,29,18,多云,东北风,微风,23.5,11
2011-09-19,25,16,多云,东北风,微风,20.5,9
2011-09-20,20,16,小雨~阴,东北风,微风,18.0,4
2011-09-21,25,16,阴~多云,东北风,微风,20.5,9
2011-09-22,25,15,多云,东北风,微风,20.0,10
2011-09-23,24,15,阴,东北风,微风,19.5,9
2011-09-24,27,15,多云,东北风,微风,21.0,12
2011-09-25,24,17,阵雨~阴,东北风,微风,20.5,7
2011-09-26,23,18,阴,东北风,微风,20.5,5
2011-09-27,30,20,多云,东北风,微风,25.0,10
2011-09-28,33,22,多云~阴,东北风,微风,27.5,11
2011-09-29,30,23,阴~阵雨,东北风,微风,26.5,7
2011-09-30,22,18,阵雨~小到中雨,东北风,微风,20.0,4
2011-08-01,37,25,多云,东北风,微风,31.0,12
2011-08-02,37,26,晴,东北风,微风,31.5,11
2011-08-03,37,26,雷阵雨~多云,东北风,微风,31.5,11
2011-08-04,37,26,多云,东北风,微风,31.5,11
2011-08-05,36,26,晴~多云,东北风,微风,31.0,10
2011-08-06,37,25,多云,东北风,微风,31.0,12
2011-08-07,35,25,多云,东北风,微风,30.0,10
2011-08-08,35,26,雷阵雨~多云,东北风,微风,30.5,9
2011-08-09,37,26,多云,东北风,微风,31.5,11
2011-08-10,37,26,多云~雷阵雨,东北风,微风,31.5,11
2011-08-11,36,26,多云,东北风,微风,31.0,10
2011-08-12,34,26,雷阵雨,东北风,微风,30.0,8
2011-08-13,34,25,雷阵雨,东北风,微风,29.5,9
2011-08-14,36,26,多云~晴,东北风,微风,31.0,10
2011-08-15,37,26,晴,东北风,微风,31.5,11
2011-08-16,37,27,晴,东北风,微风,32.0,10
2011-08-17,38,27,晴,东北风,微风,32.5,11
2011-08-18,38,27,晴,东北风,微风,32.5,11
2011-08-19,37,27,晴,东北风,微风,32.0,10
2011-08-20,38,25,晴,东北风,微风,31.5,13
2011-08-21,37,25,晴,东北风,微风,31.0,12
2011-08-22,35,24,雷阵雨~阵雨,东北风,微风,29.5,11
2011-08-23,32,24,雷阵雨~中雨,东北风,微风,28.0,8
2011-08-24,27,22,中雨,东北风,微风,24.5,5
2011-08-25,27,22,阵雨,东北风,微风,24.5,5
2011-08-26,29,23,阵雨,东北风,微风,26.0,6
2011-08-27,32,24,阴~多云,东北风,微风,28.0,8
2011-08-28,35,24,多云,东北风,微风,29.5,11
2011-08-29,33,24,阵雨,东北风,微风,28.5,9
2011-08-30,28,23,中雨,东北风,微风,25.5,5
2011-08-31,31,25,阵雨,东北风,微风,28.0,6
2011-07-01,35,25,晴,东北风,微风,30.0,10
2011-07-02,36,25,晴,东北风,微风,30.5,11
2011-07-03,37,27,晴,东北风,微风,32.0,10
2011-07-04,37,27,晴,东北风,微风,32.0,10
2011-07-05,37,27,晴,东北风,微风,32.0,10
2011-07-06,37,27,晴,东北风,微风,32.0,10
2011-07-07,37,27,多云,东北风,微风,32.0,10
2011-07-08,35,25,雷阵雨~阵雨,东北风,微风,30.0,10
2011-07-09,33,26,阵雨,东北风,微风,29.5,7
2011-07-10,34,26,雷阵雨~多云,东北风,微风,30.0,8
2011-07-11,34,26,多云~雷阵雨,东北风,微风,30.0,8
2011-07-12,35,26,多云~雷阵雨,东北风,微风,30.5,9
2011-07-13,31,25,雷阵雨,东北风,微风,28.0,6
2011-07-14,33,25,雷阵雨,东北风,微风,29.0,8
2011-07-15,35,26,雷阵雨,东北风,微风,30.5,9
2011-07-16,32,25,雷阵雨,东北风,微风,28.5,7
2011-07-17,31,25,雷阵雨~阵雨,东北风,微风,28.0,6
2011-07-18,32,25,中雨,东北风,微风,28.5,7
2011-07-19,31,25,雷阵雨,东北风,微风,28.0,6
2011-07-20,34,25,晴,东北风,微风,29.5,9
2011-07-21,34,26,雷阵雨~多云,东北风,微风,30.0,8
2011-07-22,36,26,多云,东北风,微风,31.0,10
2011-07-23,37,27,晴,东北风,微风,32.0,10
2011-07-24,38,27,晴,东北风,微风,32.5,11
2011-07-25,38,28,晴,东北风,微风,33.0,10
2011-07-26,39,28,晴,东北风,微风,33.5,11
2011-07-27,38,27,多云,东北风,微风,32.5,11
2011-07-28,37,26,晴,东北风,微风,31.5,11
2011-07-29,38,27,晴,东北风,微风,32.5,11
2011-07-30,38,27,晴,东北风,微风,32.5,11
2011-07-31,38,27,晴,东北风,微风,32.5,11
2011-06-01,25,21,阵雨,东北风,微风,23.0,4
2011-06-02,24,18,阵雨,东北风,微风,21.0,6
2011-06-03,22,19,阵雨,东北风,微风,20.5,3
2011-06-04,26,19,阵雨~中到大雨,东北风,微风,22.5,7
2011-06-05,26,22,大到暴雨,东北风,微风,24.0,4
2011-06-06,25,23,大到暴雨~中到大雨,东北风,微风,24.0,2
2011-06-07,27,20,阵雨~阴,东北风,微风,23.5,7
2011-06-08,34,23,多云,东北风,微风,28.5,11
2011-06-09,33,24,雷阵雨,东北风,微风,28.5,9
2011-06-10,30,24,雷阵雨~中雨,东北风,微风,27.0,6
2011-06-11,28,24,阵雨~小到中雨,东北风,微风,26.0,4
2011-06-12,31,25,阵雨~小到中雨,东北风,微风,28.0,6
2011-06-13,23,20,中到大雨,东北风,微风,21.5,3
2011-06-14,24,21,阵雨~中雨,东北风,微风,22.5,3
2011-06-15,25,22,大到暴雨~中到大雨,东北风,微风,23.5,3
2011-06-16,29,22,阵雨,东北风,微风,25.5,7
2011-06-17,32,23,雷阵雨~阴,东北风,微风,27.5,9
2011-06-18,33,24,阵雨~大到暴雨,东北风,微风,28.5,9
2011-06-19,26,22,暴雨~阵雨,东北风,3-4级,24.0,4
2011-06-20,30,22,阵雨~阴,东北风,微风,26.0,8
2011-06-21,34,24,多云,东北风,微风,29.0,10
2011-06-22,35,25,晴,东北风,微风,30.0,10
2011-06-23,36,25,晴~多云,东北风,微风,30.5,11
2011-06-24,35,25,多云~阵雨,东北风,微风,30.0,10
2011-06-25,31,24,阵雨,东北风,微风,27.5,7
2011-06-26,31,22,多云,东北风,微风,26.5,9
2011-06-27,34,24,晴~多云,东北风,微风,29.0,10
2011-06-28,32,24,雷阵雨,东北风,微风,28.0,8
2011-06-29,30,24,雷阵雨,东北风,微风,27.0,6
2011-06-30,34,25,雷阵雨~多云,东北风,微风,29.5,9
2011-05-01,28,19,阵雨,东北风,微风,23.5,9
2011-05-02,18,13,小雨~中到大雨,东北风,微风,15.5,5
2011-05-03,18,13,小雨~阴,东北风,微风,15.5,5
2011-05-04,18,13,阴,东北风,微风,15.5,5
2011-05-05,25,12,多云~阵雨,东北风,微风,18.5,13
2011-05-06,26,17,多云,东北风,微风,21.5,9
2011-05-07,32,21,多云,东北风,微风,26.5,11
2011-05-08,32,23,多云,东北风,微风,27.5,9
2011-05-09,31,22,阵雨~多云,东北风,微风,26.5,9
2011-05-10,34,23,多云~雷阵雨,东北风,微风,28.5,11
2011-05-11,27,19,阵雨,东北风,微风,23.0,8
2011-05-12,25,18,阴~多云,东北风,微风,21.5,7
2011-05-13,28,18,阵雨~多云,东北风,微风,23.0,10
2011-05-14,23,19,阴,东北风,微风,21.0,4
2011-05-15,24,18,阵雨,东北风,微风,21.0,6
2011-05-16,26,15,阵雨~多云,东北风,微风,20.5,11
2011-05-17,31,17,晴,东北风,微风,24.0,14
2011-05-18,32,19,晴,东北风,微风,25.5,13
2011-05-19,35,19,晴,东北风,微风,27.0,16
2011-05-20,35,21,晴,东北风,微风,28.0,14
2011-05-21,35,20,多云~雷阵雨,东北风,微风,27.5,15
2011-05-22,20,14,阵雨~中雨,东北风,微风,17.0,6
2011-05-23,17,13,小雨~阵雨,东北风,微风,15.0,4
2011-05-24,22,15,阵雨~阴,东北风,微风,18.5,7
2011-05-25,23,16,阴,东北风,微风,19.5,7
2011-05-26,27,17,多云~晴,东北风,微风,22.0,10
2011-05-27,27,18,阴~多云,东北风,微风,22.5,9
2011-05-28,31,16,晴,东北风,微风,23.5,15
2011-05-29,32,18,晴,东北风,微风,25.0,14
2011-05-30,33,19,晴,东北风,微风,26.0,14
2011-05-31,34,21,晴~多云,东北风,微风,27.5,13
2011-04-01,25,16,多云,东北风,微风,20.5,9
2011-04-02,26,13,多云~阵雨,东北风,微风,19.5,13
2011-04-03,10,6,小雨~阵雨,东北风,微风,8.0,4
2011-04-04,18,10,阴~多云,东北风,微风,14.0,8
2011-04-05,20,10,多云,东北风,微风,15.0,10
2011-04-06,21,12,阴~阵雨,东北风,微风,16.5,9
2011-04-07,19,13,阵雨,东北风,微风,16.0,6
2011-04-08,23,14,多云~阴,东北风,微风,18.5,9
2011-04-09,23,15,阴~阵雨,东北风,微风,19.0,8
2011-04-10,22,15,阴~阵雨,东北风,微风,18.5,7
2011-04-11,25,14,多云,东北风,微风,19.5,11
2011-04-12,24,15,阴~阵雨,东北风,微风,19.5,9
2011-04-13,22,15,小雨,东北风,微风,18.5,7
2011-04-14,26,16,阴~阵雨,东北风,微风,21.0,10
2011-04-15,27,17,阴~中到大雨,东北风,微风,22.0,10
2011-04-16,19,12,中雨~小雨,东北风,微风,15.5,7
2011-04-17,25,11,多云~晴,东北风,微风,18.0,14
2011-04-18,25,10,晴,东北风,微风,17.5,15
2011-04-19,28,13,晴~多云,东北风,微风,20.5,15
2011-04-20,27,12,晴,东北风,微风,19.5,15
2011-04-21,25,15,阴~中到大雨,东北风,微风,20.0,10
2011-04-22,23,11,小雨~多云,东北风,微风,17.0,12
2011-04-23,26,13,晴,东北风,微风,19.5,13
2011-04-24,29,14,晴,东北风,微风,21.5,15
2011-04-25,31,17,晴~多云,东北风,微风,24.0,14
2011-04-26,33,17,晴,东北风,微风,25.0,16
2011-04-27,32,19,雷阵雨~多云,东北风,微风,25.5,13
2011-04-28,32,18,晴,东北风,微风,25.0,14
2011-04-29,33,20,多云~雷阵雨,东北风,微风,26.5,13
2011-04-30,23,18,中到大雨~阵雨,东北风,微风,20.5,5
2011-03-01,8,4,阵雨~阴,东北风,微风,6.0,4
2011-03-02,12,4,多云,东北风,微风,8.0,8
2011-03-03,10,3,阴,东北风,微风,6.5,7
2011-03-04,16,5,晴~多云,东北风,微风,10.5,11
2011-03-05,10,6,小雨,东北风,微风,8.0,4
2011-03-06,9,6,大雨~中雨,东北风,微风,7.5,3
2011-03-07,20,4,晴,东北风,微风,12.0,16
2011-03-08,17,4,多云~晴,东北风,微风,10.5,13
2011-03-09,18,6,多云~晴,东北风,微风,12.0,12
2011-03-10,20,9,多云,东北风,微风,14.5,11
2011-03-11,19,8,多云,东北风,微风,13.5,11
2011-03-12,17,10,阴~阵雨,东北风,微风,13.5,7
2011-03-13,24,12,多云~雷阵雨,东北风,微风,18.0,12
2011-03-14,21,7,阴~阵雨,东北风,微风,14.0,14
2011-03-15,10,6,小雨~阵雨,东北风,微风,8.0,4
2011-03-16,16,4,多云~晴,东北风,微风,10.0,12
2011-03-17,18,8,多云~阴,东北风,微风,13.0,10
2011-03-18,15,9,阵雨,东北风,微风,12.0,6
2011-03-19,15,9,小雨,东北风,微风,12.0,6
2011-03-20,18,12,阵雨,东北风,微风,15.0,6
2011-03-21,15,6,阵雨~小到中雨,东北风,微风,10.5,9
2011-03-22,8,4,小雨,东北风,微风,6.0,4
2011-03-23,15,7,多云~阴,东北风,微风,11.0,8
2011-03-24,18,6,多云,东北风,微风,12.0,12
2011-03-25,18,6,多云,东北风,微风,12.0,12
2011-03-26,16,10,阴~多云,东北风,微风,13.0,6
2011-03-27,20,10,多云~晴,东北风,微风,15.0,10
2011-03-28,22,7,晴,东北风,微风,14.5,15
2011-03-29,24,8,晴,东北风,微风,16.0,16
2011-03-30,24,13,晴~多云,东北风,微风,18.5,11
2011-03-31,25,14,多云,东北风,微风,19.5,11
2011-02-01,8,2,多云,东北风,微风,5.0,6
2011-02-02,13,1,晴,东北风,微风,7.0,12
2011-02-03,14,1,晴~多云,东北风,微风,7.5,13
2011-02-04,18,3,晴,东北风,微风,10.5,15
2011-02-05,20,4,晴,东北风,微风,12.0,16
2011-02-06,22,6,晴,东北风,微风,14.0,16
2011-02-07,21,10,多云,东北风,微风,15.5,11
2011-02-08,24,12,晴~多云,东北风,微风,18.0,12
2011-02-09,19,7,阴~小雨,东北风,微风,13.0,12
2011-02-10,7,3,小雨,北风,3-4级,5.0,4
2011-02-11,7,3,阴,东北风,微风,5.0,4
2011-02-12,10,1,多云~小雨,东北风,微风,5.5,9
2011-02-13,3,-1,小雪~阴,东北风,微风,1.0,4
2011-02-14,9,-1,阴~多云,东北风,微风,4.0,10
2011-02-15,8,3,多云~阴,东北风,微风,5.5,5
2011-02-16,5,2,小雨,东北风,微风,3.5,3
2011-02-17,7,3,小雨,东北风,微风,5.0,4
2011-02-18,8,3,阴~小雨,东北风,微风,5.5,5
2011-02-19,8,3,阴,东北风,微风,5.5,5
2011-02-20,15,4,多云,东北风,微风,9.5,11
2011-02-21,17,4,晴,东北风,微风,10.5,13
2011-02-22,17,7,晴~多云,东北风,微风,12.0,10
2011-02-23,16,10,阴,东北风,微风,13.0,6
2011-02-24,22,11,多云,东北风,微风,16.5,11
2011-02-25,21,12,多云~阴,东北风,微风,16.5,9
2011-02-26,26,13,多云,东北风,微风,19.5,13
2011-02-27,27,13,多云,东北风,微风,20.0,14
2011-02-28,11,5,阴~阵雨,东北风,微风,8.0,6
2011-01-01,5,1,雨夹雪,东北风,微风,3.0,4
2011-01-02,6,2,雨夹雪~小雨,东北风,微风,4.0,4
2011-01-03,6,3,小雨,东北风,微风,4.5,3
2011-01-04,6,0,小雨~小雪,东北风,微风,3.0,6
2011-01-05,4,-2,小雪~多云,东北风,微风,1.0,6
2011-01-06,6,-1,多云,东北风,微风,2.5,7
2011-01-07,6,0,多云~阴,东北风,微风,3.0,6
2011-01-08,7,2,阴,东北风,微风,4.5,5
2011-01-09,4,-1,小雨,东北风,微风,1.5,5
2011-01-10,6,1,多云,东北风,微风,3.5,5
2011-01-11,6,2,阴,东北风,微风,4.0,4
2011-01-12,8,2,阴,东北风,微风,5.0,6
2011-01-13,6,1,小雨~雨夹雪,东北风,微风,3.5,5
2011-01-14,4,-2,小雪~阴,东北风,微风,1.0,6
2011-01-15,6,0,阴~雨夹雪,东北风,微风,3.0,6
2011-01-16,6,-1,多云~雨夹雪,东北风,微风,2.5,7
2011-01-26,5,2,小雨,东北风,微风,3.5,3
2011-01-29,7,-2,小雨~晴,东北风,微风,2.5,9
2011-01-30,8,0,多云,东北风,微风,4.0,8
2011-01-31,9,-1,晴,东北风,微风,4.0,10
